  -1.7708515e-01   1.6422920e+00   1.2655019e+00  -4.9613018e-01  -2.1092755e+00
   1.4085318e+00   2.3553348e-01  -1.5466227e+00  -4.7796860e-01   5.4221529e-01
  -3.3625799e-01   6.6402960e-02   4.8393850e-01   1.3296666e-01   1.8504692e+00
  -6.7049228e-01  -2.7396369e-01  -1.7261956e+00   3.7685452e-01  -1.9855388e-01
   1.7278756e-01   1.1341251e-01  -1.6751889e+00  -3.2459317e-01  -1.6796722e-01
  -1.1450304e+00  -1.0302635e+00   1.6985899e-01   3.8576535e-01  -1.4191725e+00
  -2.7156509e-01  -7.5931788e-01   1.2166937e+00  -4.9927674e-01  -1.8019770e-01
   2.7335784e-01  -2.8165019e-01  -1.0951195e-01  -2.6284308e-01   8.3946855e-01
  -9.1435446e-01   6.7569187e-01  -2.5171433e-01   1.7548695e+00   2.1717937e-01
  -4.6980715e-01  -1.3393503e+00   5.4621715e-01  -7.7307610e-01   1.8120554e-01
  -1.2275894e+00   2.6458151e-01   5.4896073e-01  -1.2615861e+00  -1.7057062e-04
  -1.7780738e+00   5.4375795e-01   2.1083098e-01   1.0388159e+00  -5.0720970e-01
  -1.9719827e+00   2.8667607e-01  -6.5328809e-01   1.3642407e-01   4.5235711e-02
  -1.1639266e-01   2.7362569e-02   5.0193460e-01  -1.1026038e+00  -2.9765906e-01
   2.6415941e-01   2.9548321e-02  -8.5284350e-01   5.6793086e-01   3.2447593e-01
  -1.9303744e-01  -1.3276280e-01   7.9872974e-01  -6.4651187e-01  -4.9334127e-01
  -1.3656218e+00  -3.9518222e-01  -6.7093333e-01   4.3424961e-01  -8.8146760e-01
  -1.3446372e+00   6.0026649e-01   6.0205007e-01   1.3244520e+00   1.4731241e+00
   4.9845864e-01  -2.7459298e-01  -2.4243198e-01  -3.5549757e-02  -9.4356710e-01
  -4.1627888e-01  -2.1413496e-01  -1.0851541e+00  -9.9943802e-01   9.2380881e-01
  -9.3378718e-01  -1.1869112e-01   8.3409403e-01  -8.0654227e-01  -1.1036512e+00
   1.3124770e+00   1.8479720e+00  -1.9400646e+00  -1.4835211e+00  -7.3784060e-01
  -7.7641077e-01   5.7856067e-01  -1.5020476e+00  -8.6033723e-01   4.7982307e-01
   1.2515612e-01  -1.1467219e+00   9.3985922e-01   5.2357405e-01  -1.1101357e+00
  -5.5359613e-01   2.7192065e+00  -4.0848343e-01   1.6828190e-01   6.7721351e-01
   4.9844508e-01  -4.8401689e-01   1.0633175e+00   3.3008655e-01  -1.3317817e+00
  -7.2099570e-01  -4.4955868e-01  -3.2803305e-01  -2.2945390e-01  -2.1060220e-01
  -2.5798314e-01   1.4941009e+00   1.7138585e+00  -1.7675293e-01  -1.2206526e+00
  -6.4139154e-01   7.4739788e-01  -1.9924279e-01  -1.6801985e-01  -1.2331936e-01
   9.0274332e-01   9.1243968e-02  -2.5221611e-01  -2.7749022e-01  -7.1213809e-02
   7.4440549e-01  -1.7480375e+00  -1.2641870e+00  -5.1887658e-01   2.5996375e-01
  -2.2453253e-01  -1.2474958e+00   1.3346766e+00  -4.0762965e-01   1.0918502e+00
   3.7044292e-01   7.0556264e-01   2.5401133e-01  -8.0534264e-01  -1.2961948e+00
  -1.7653927e-01   1.9031854e+00   1.8145483e-01   4.4630390e-01  -2.8338835e-02
  -6.6119335e-01  -3.8533702e-01   1.2236581e+00  -1.8729711e-01   8.7798470e-01
   1.1284681e-01  -1.9529442e-01  -2.5541259e-01   1.7284483e+00   5.4094758e-01
  -1.3703995e-01   1.8994924e+00  -5.4645942e-01  -1.3477420e+00   2.6251757e-01
  -1.4646315e+00   3.4428171e-01  -6.2862128e-01  -5.0337868e-01  -2.0720886e-01
  -1.8441229e+00   4.3521049e-01   1.1118284e+00  -6.2229650e-01   1.2467961e-01
   7.5189481e-01  -6.8015825e-01   1.6009544e+00   9.2455142e-01   6.3323557e-01
  -1.2719285e+00  -1.7746786e-01   2.4024018e-01  -4.0486423e-01   1.6911625e+00
   5.2913095e-02   1.4125516e+00  -1.3322589e+00  -1.1829052e+00   1.9824573e-01
   1.0124727e+00  -2.7351994e+00  -6.3262712e-01  -2.9820290e-01   3.1653274e-01
   8.3937405e-01  -2.9351347e-01   8.6514922e-01   3.5420978e-02   4.0162365e-01
   8.5060851e-01   4.7949802e-01  -4.1629594e-01  -3.5472977e-01   7.2870289e-01
  -2.9893652e-01   1.4835032e+00  -3.2520893e+00  -1.5469920e+00  -2.8759598e-01
   3.0224103e-01   9.6843904e-01   1.3510190e+00   2.7409537e-01   5.2004976e-01
   1.5423535e+00  -9.9440167e-01  -1.3450160e+00  -1.3800303e+00  -2.9951474e-01
   1.0854352e+00  -1.3376604e-01   2.0518766e-01  -2.2153680e+00  -4.8863468e-01
  -1.3250981e+00   5.8732913e-01   2.1920755e-01  -5.6817647e-03   9.2746409e-02
  -1.2923845e+00   1.0248805e+00   1.4376506e+00   8.0558479e-01  -5.0508908e-01
   1.0703463e+00  -4.6197765e-01   4.5201458e-01   6.5537681e-01  -2.9463075e-01
  -6.8840487e-01  -1.1048621e+00   1.8307165e+00   2.3012020e+00   1.9150781e+00
  -3.2201397e-01  -7.1466570e-01   4.3927674e-01  -5.5397902e-01  -1.5103049e-01
   4.2868471e-01  -7.5260026e-01  -4.2717733e-01   6.4225302e-01   1.3062044e+00
   2.5995936e-01  -1.1401875e+00  -6.0783370e-01  -1.8571417e+00  -2.9136630e-01
  -9.3315675e-01  -4.5987646e-02   1.6518519e+00   3.9756689e-01  -2.1055211e+00
  -1.3231369e+00  -1.5528303e+00  -8.3982320e-01   1.4635123e+00  -7.1414751e-01
  -1.6226192e+00   1.6950876e-01   5.8510428e-01  -2.6538516e-01   3.8384970e-01
  -2.4432998e+00  -3.0846122e-01  -6.3636593e-01   7.9443047e-04   2.0015600e+00
  -6.1632741e-01   1.0598839e+00  -1.1198994e-01   4.2135333e-01  -4.2338579e-01
  -2.0688497e+00   3.2330696e-01   1.8157844e+00   1.7402107e+00  -1.5529362e+00
  -6.4673630e-01   8.1092479e-01  -2.1820310e+00  -1.3947824e-02  -1.0076220e+00
   5.7370379e-01   3.5139213e-01  -3.1266868e-02  -5.7803192e-02   1.4470975e-01
  -7.6382694e-01   1.1400479e+00  -5.8725727e-01  -7.6500589e-01   1.5382569e+00
  -5.3017617e-01   2.7092424e-01  -2.4404323e-01   4.2963390e-01   1.8411705e-01
   4.5972048e-01   2.3857362e-01   9.9220680e-01  -1.7608203e+00   3.6327551e-01
   4.1268427e-03  -8.7462317e-03   2.1175227e+00  -1.8669703e+00   1.2298444e+00
  -4.2911339e-01   9.3889861e-01  -1.0064943e-01   4.0986564e-01   2.2681807e-01
   3.2203367e-02  -2.6384325e-01  -1.2792351e+00  -4.2692100e-01   1.0303844e-01
  -1.5647436e-01  -1.4093622e+00  -1.3066794e-01   1.8635520e+00  -1.3775313e-01
   1.0102989e-01  -1.0146376e+00  -6.1144315e-01  -8.7043272e-02   8.7022983e-01
  -3.5761338e-02   2.9990534e-01  -1.5601590e+00   7.2764391e-01   4.1558365e+00
  -1.2618487e+00   6.1737331e-01   1.9674047e+00   2.3159542e+00  -2.3674266e-02
  -4.8608463e-01  -1.9611329e+00   2.6705873e-01   4.4635534e-01  -7.4422148e-02
  -7.1715870e-01  -1.3037793e+00  -1.5704523e-01   7.7922661e-01   5.6738185e-01
   4.0209480e-01   5.3160744e-01   1.8767031e-01  -3.0963842e-01   9.9722550e-02
   7.2745240e-01  -7.0736078e-01   3.4654586e-01   1.2200385e+00  -6.9247955e-01
  -7.4408013e-02   3.4473990e-01   6.6359381e-01   3.8036469e-01  -2.5853255e-01
   3.2812794e-01  -4.9946664e-01   9.6808605e-01  -6.9068745e-01   1.2440141e+00
  -9.5016115e-01  -1.6366514e+00  -1.8169822e-01   7.7224569e-02  -1.4002342e+00
   7.9246058e-02   9.5813022e-01   5.2951000e-01   5.7224054e-01   2.6797489e-01
   2.3457603e+00  -1.1733676e+00  -1.1682564e+00   5.8594895e-01  -1.4816258e-01
  -6.7045597e-01  -9.2754396e-02   8.6402660e-01  -9.6739785e-01  -1.6930042e+00
  -5.5669919e-01   6.7163465e-01  -4.6004991e-01   8.3863650e-01  -3.7643883e-01
   5.9594274e-01  -5.4202941e-01  -5.2010433e-01  -3.9421229e-01  -9.4424109e-01
   4.8389798e-01   9.3687921e-02   6.2113497e-01   1.2955792e-02   1.3757914e+00
   4.1394507e-01  -1.1109754e+00   1.1359320e-01   6.0513293e-02   5.3374710e-01
  -1.1583886e+00   2.5837759e-01   3.7769726e-03   9.5346487e-01   1.0350222e+00
  -8.0238005e-01   6.7886882e-01   9.6093004e-01  -1.0841296e+00   8.7501275e-01
   1.4934528e+00  -7.2239464e-01   8.0371975e-02   1.7628617e+00   6.4223252e-01
   8.6140536e-01  -7.3298244e-01  -5.9259096e-01   1.2780896e+00   5.4642255e-01
   1.9431313e+00   3.4381996e-01   6.5817588e-02   1.3410689e+00  -1.8573609e+00
  -7.2689274e-01  -9.6383169e-01   1.1350971e+00   2.4574365e-01   1.5268289e+00
  -4.8406024e-01  -4.1150610e-01  -2.0855012e-01  -8.9151124e-02   1.9658547e+00
   1.9022737e+00  -8.6957211e-01   9.2309796e-01  -1.5991031e-01   1.4801961e+00
   1.9832942e-01  -9.4874599e-01   1.4462947e+00  -1.6140699e+00  -8.3157729e-01
   1.2570137e+00  -3.5481552e-02  -9.6852444e-01   6.2474387e-01   3.4126357e-01
  -2.3166935e-01   1.6564995e-01  -1.4572221e+00  -2.2743384e+00  -2.4771228e+00
  -8.9542926e-01   2.8800496e-01  -6.5543285e-01   9.4483052e-01   6.2794319e-01
  -5.7857685e-01   1.5060289e+00   1.3922007e+00  -1.6746350e+00  -5.2220355e-01
  -1.0370036e+00   5.8968822e-01   4.9155892e-01  -3.1430472e-01   2.2661547e+00
  -7.1996180e-01  -8.3299544e-01  -1.8930431e-01  -1.3470756e+00  -1.3562191e+00
   2.8196758e-01   9.0226722e-01  -2.0851432e-01   5.0193132e-01  -1.2430452e+00
   1.6576336e-01  -3.4089528e-01  -3.7533689e-01   1.1584102e-01   1.8356942e-01
  -1.3651075e+00   2.0795212e+00   9.6039589e-02   1.0454488e+00   1.2621005e+00
  -1.4673215e+00   7.4717339e-01  -1.0959851e+00   1.0532924e-02  -1.6283947e+00
   2.9961154e-01  -1.2460609e+00  -8.2951252e-01   1.1911969e+00  -1.7772298e+00
   1.1911560e+00   4.7026517e-01  -2.1615839e-01   1.5264739e+00  -3.9808004e-01
   1.4938194e+00  -1.1469185e+00  -2.8732936e-01   3.8905585e-01   6.4747735e-01
  -1.8275927e-01   1.0775628e+00  -2.9727938e-01  -1.4322613e+00  -7.9056124e-02
   5.5532259e-01   2.2923232e+00   3.3782515e-01   2.5398495e+00   2.2605431e-01
  -9.2457009e-02  -1.0131243e+00  -1.1544830e+00   1.3194756e-01  -3.8392761e-01
   1.0257851e+00   1.3760839e+00  -6.3253401e-02  -4.2632623e-01  -1.2711740e+00
  -6.6909469e-02  -1.3976757e+00   6.6480181e-01   2.3371164e-01  -1.3194796e+00
  -1.6265324e+00   4.6703193e-01  -1.1934907e+00  -4.4826830e-01  -5.3852820e-01
   5.8088524e-01  -1.3619218e-01   3.7709010e-01  -2.7164286e-01   6.4639945e-01
  -1.5450356e-01  -4.9247719e-01  -3.6468608e-01   8.6730833e-01  -4.1836470e-01
  -6.3503110e-01  -6.6193951e-01   1.7124993e+00  -1.6601598e+00  -1.5959088e-01
   1.8738420e+00   2.9835525e-01  -2.2406022e-01  -6.6843017e-01  -1.1153297e+00
   8.9163233e-01   5.0167268e-01   2.3639722e+00  -5.8268477e-02   9.4338926e-01
   2.3097638e-02   3.9408513e-01   5.0373129e-01  -1.0938610e+00   4.8710757e-01
   1.4148290e+00   1.2995014e+00  -7.5100487e-01   2.3417276e-01   2.4226439e+00
   8.2564557e-01   6.4065705e-01  -2.8716308e-01  -1.7667450e+00   8.4240278e-01
  -6.2611415e-01  -5.0910117e-01   1.7320446e+00   1.4977637e+00   7.9017569e-01
  -8.4334636e-01  -5.8463573e-02  -7.6034629e-02  -3.0925622e-01  -5.4966077e-01
   9.7062928e-01  -1.6611623e-02  -8.2235806e-01   8.0217385e-01  -2.8851525e-01
   9.4535700e-01  -6.2515812e-01  -2.9553051e-01  -3.6419773e-01   1.2122374e+00
  -4.4494548e-01  -1.5977608e+00  -7.2693117e-01  -1.2533521e+00  -1.4048941e+00
  -1.6115398e+00   1.1151651e+00  -9.3717015e-01   1.6344382e+00  -1.9381686e-03
   1.1061232e+00  -4.3122131e-01   1.7347053e+00  -1.2261390e+00   7.3992062e-01
  -4.0724403e-01   7.7465852e-01  -5.4413462e-01  -2.3981534e-01   1.3839024e+00
  -8.5083325e-01  -1.2315798e+00  -9.6106580e-01  -1.0483988e+00   6.7878934e-03
  -7.2342513e-01  -5.1758297e-01  -4.0771025e-01  -1.1345728e+00   1.0466816e+00
   1.1960530e+00  -2.2114694e+00   5.9627259e-01  -4.4448735e-01  -1.4544866e+00
  -5.0777372e-01   6.3404308e-01  -1.4141120e+00   8.6478597e-01  -1.6846442e-01
   7.9772809e-01   9.1983928e-01  -1.2146933e+00  -7.8231096e-01  -1.3466966e-01
   8.0566137e-01   6.1079961e-01  -1.0531749e+00   6.1939932e-01  -8.7516508e-01
  -2.9134573e-01  -5.2357229e-01   9.0384242e-01  -8.6565616e-01   2.8625578e+00
   1.7089466e+00   1.4886716e+00  -7.8607322e-02  -1.1335076e+00  -6.7355519e-01
  -7.7914291e-01   6.0093814e-01   7.0474591e-01  -1.4155772e-01  -9.4495532e-01
  -1.8825101e+00  -5.4794547e-01   2.6703286e+00   3.5322295e-01   1.1527401e+00
  -1.5617873e+00  -1.3913588e+00   8.5830254e-01  -6.0593035e-01  -9.3316288e-01
   1.2695327e+00  -3.7255308e-01   5.9757330e-01   4.0708947e-01  -1.4472909e+00
   1.5681061e+00  -7.6994804e-01   1.8900382e+00  -2.6620647e-01   7.0282069e-01
   5.9616266e-01   1.3230276e+00  -1.1182527e+00   1.0581096e+00   1.1458114e+00
  -1.7149615e+00  -1.2640918e+00   1.0204095e+00   7.4818865e-01   2.1691086e-01
   1.8741552e+00   1.1112973e+00  -1.8502792e+00  -2.1650777e+00  -3.8968859e-01
   6.2794550e-01  -6.1169292e-01   2.1949492e-01  -5.3417859e-01   9.7883143e-02
   5.0890046e-01  -2.7652227e-01   1.1736209e+00   1.6422496e+00  -2.9822179e-01
   5.0938583e-02   1.5439154e-01  -8.1427879e-01  -3.9108870e-02   4.1452960e-03
   2.6148882e-01  -1.1591036e+00  -1.2443928e-01   1.1048649e-01   1.3233391e-01
  -1.0332591e+00   9.5446680e-01  -3.9606889e-02   9.5883314e-01  -2.8472252e-01
  -8.1147652e-01   8.9787770e-02  -1.0636447e+00  -1.4136098e+00   2.6917133e+00
  -6.7373734e-01  -6.6852171e-01   6.1324524e-01   8.7647971e-01  -1.5486140e+00
  -1.5395207e-01  -1.8997695e+00   1.4149320e+00   2.3850881e-01  -5.3747666e-02
  -1.1133190e+00  -7.4837638e-01   9.3205950e-02   1.7534701e+00  -3.5031705e-03
  -5.7818284e-01  -2.8540445e-01   9.0616161e-01  -3.2131788e+00  -1.8521197e-01
  -1.0141357e+00   4.2632586e-01   1.1193717e+00   2.5923620e-01   7.8504524e-01
   2.9891471e-01   2.5753318e-01  -7.6306106e-01  -8.9668210e-01  -8.7278219e-01
  -2.3972966e-01  -1.1237296e+00   8.6186398e-03   1.9350371e-01  -8.1581099e-01
   1.4104424e+00  -1.3489119e+00  -4.2157908e-01   4.3081071e-01  -2.1629302e-01
   1.0513430e+00   1.2741553e+00  -1.7199512e+00   5.3872773e-01  -1.4840057e+00
   3.2696801e-01   8.0586110e-03  -9.5985986e-01  -6.6244924e-02   4.1967419e-01
  -5.1099859e-01  -4.8605322e-01  -1.0661785e+00   3.2731302e-01  -4.0788831e-01
   2.9032985e-01  -8.5883207e-01   1.2051965e+00   3.1482915e-01   1.8980898e-01
   1.3167109e+00   5.2093235e-01   1.2570700e-01   9.7779450e-01   1.6315495e-01
   4.1094667e-01   1.0749778e+00   1.3133027e+00  -1.5781128e-01   1.4089582e+00
  -1.8641518e+00  -7.5085515e-01   5.7182919e-01   6.1564221e-01   2.2852371e-01
   2.1495557e+00   1.4280728e+00  -2.2623093e-01   1.7918075e+00   1.6083620e-02
  -5.0212360e-02  -1.2913465e+00  -1.7215445e+00  -7.5356148e-01  -3.6332000e-01
   1.7279960e+00   1.0590108e+00  -2.4526950e-01  -1.2902676e+00  -9.1692285e-01
   1.1940043e+00   1.5661232e+00  -3.3921038e-01   2.0533762e-01  -6.3854425e-02
   7.2763456e-01   9.4023885e-01  -1.5461647e-01  -8.2732433e-01   8.7702960e-01
  -2.1914025e-01   9.7218404e-01   2.1210835e-01   8.9538288e-02   1.1177690e-01
  -1.5322555e-01   1.0477514e+00  -5.3062919e-01  -3.7073343e-01   6.3538911e-01
  -1.4123384e+00   3.0351029e-01  -4.5127710e-01  -1.1876549e+00   1.1527837e-01
   4.2092681e-01   4.1672004e-01   1.3431574e+00   3.5128830e-01  -3.2791884e-01
  -3.5508962e-01  -2.0424350e-01   9.2349027e-01  -1.0138657e-01  -3.4423045e-01
   6.6780884e-01   7.8428943e-01  -1.6871297e+00  -7.4947939e-01   7.2330701e-01
   5.5367232e-01   2.1160692e-01  -3.9001404e-01   6.3711013e-02  -1.5247883e+00
  -8.0550760e-01   6.0584040e-01   1.6563572e+00   6.7293757e-01   3.1179637e-01
  -1.3060169e+00  -7.2872102e-01   7.6383022e-01   1.0591121e+00   1.7130139e-01
   8.1801342e-01  -2.0193830e+00  -2.4545662e-01  -6.9434785e-01   8.8128973e-02
   9.4766239e-01  -3.1328782e-01  -1.2884081e+00  -1.0773300e+00  -1.2659195e-01
  -3.2338746e-01  -6.0545602e-01   1.4497513e+00   1.4006153e+00  -1.9022750e+00
   5.5257825e-01  -1.2560112e+00  -9.0437591e-01   2.6162734e-01   2.6124467e+00
  -2.5593261e-01  -5.0833972e-01  -6.9621180e-01   3.0820967e-01  -2.7996040e-01
  -7.9360896e-01  -3.8948283e-04   1.3968947e+00  -6.7149388e-01  -4.7698460e-01
  -1.3686321e+00  -1.5269083e+00   3.3410876e-01   7.9037292e-01  -8.4474092e-01
   9.2930110e-01  -1.4272492e+00   1.1638601e+00   1.3345351e+00  -2.4646526e-01
  -8.9614289e-01   5.1731381e-01  -2.9215596e-01   4.2040028e-01  -8.3961842e-01
   1.1117288e+00  -7.6603227e-01   3.0492266e-01   1.7850661e+00  -5.5338981e-01
   2.8417067e-01   2.5087897e+00   9.3880863e-02   4.6792052e-01   3.9147760e-01
  -9.0686638e-01  -9.6116290e-02   3.5547429e-01  -9.1070054e-01  -7.7000500e-01
   7.4348667e-01  -1.5588499e+00  -1.1977446e+00   1.1332242e+00  -8.3957663e-01
  -4.8314516e-01   2.2423008e-01   4.4357595e-01   1.3073286e+00  -6.8786236e-01
   3.8951219e-01   7.6918163e-01  -5.5397741e-02   6.4035297e-01  -6.5118835e-01
   1.0967309e+00  -1.8917705e+00   6.1296892e-01   5.0291220e-01   5.6459751e-01
  -5.2449226e-01  -1.3421761e+00  -1.0495620e+00  -1.2394554e+00   3.3757600e-01
   8.2450740e-01   5.5792766e-01  -1.1052857e+00   5.3137737e-01   3.3640396e-01
  -4.5808576e-01   1.8154072e-01  -1.0024744e+00   2.9383782e-01   6.0587817e-01
  -3.3005776e-01   3.6447711e-01   2.8388275e-01  -7.0596657e-02   1.1864221e+00
   1.2676378e+00  -1.3873430e+00  -1.5410464e-01   5.0195384e-01  -8.9810816e-01
  -1.2073343e+00  -2.2275518e+00   1.8561271e-01   1.9602474e+00   6.5751928e-01
   1.4990967e+00   1.6885008e-01   2.0863704e+00  -1.9839649e-02   2.0079230e+00
   5.4864238e-01  -1.4775968e+00  -1.7910099e-01   7.4445426e-01  -9.6669587e-01
   9.7815672e-01  -4.1058542e-01  -7.1686486e-01   3.6050876e-01   1.6809921e+00
  -8.0520026e-01  -9.7927332e-02  -7.7790188e-01  -1.7339681e-01  -5.9885757e-01
   5.6120130e-01  -1.2903076e-01  -5.5013964e-02  -9.2765797e-01  -4.4844898e-01
   7.0314832e-01   1.0178981e+00  -5.4885670e-01  -2.2062180e-01   2.1676221e+00
   7.4981506e-01  -2.1625078e+00   3.5383886e-01  -2.8438412e-01  -1.1357870e+00
   3.4188683e-01   4.1821005e-01  -1.3898359e-01   1.2542261e+00  -6.5680186e-01
   8.3349523e-01  -1.1971182e+00  -9.1566550e-01  -3.3343617e-01   9.9520729e-01
   3.4834482e-01  -2.9952338e-01  -1.3335215e+00   9.6606247e-01   1.2353732e+00
   5.7476961e-01   2.9815572e-01  -7.1429459e-01   4.3678372e-01  -1.4900721e+00
  -4.3271234e-01   2.6544435e-01  -8.3531809e-01   1.1106708e+00   3.1003434e-01
  -3.7822240e-01  -6.4320315e-01  -3.0171440e+00   8.6422277e-01   1.4962675e+00
  -1.8994010e+00  -4.6774212e-02  -1.5126682e+00   1.5671954e-02   5.6823507e-01
   5.3746405e-01   1.2844222e+00   3.0336877e-01   5.2333566e-01  -1.8164776e+00
  -2.3327694e-01  -1.4032924e+00   1.5573902e+00   9.8008122e-01  -6.1501030e-01
   9.3349772e-01  -5.0995995e-01   1.4210729e+00   7.1055718e-01   7.6646933e-01
   1.1780787e+00   1.4646366e+00   1.9469314e-01   9.9791286e-01   1.9953268e-01
   1.0830029e+00   1.2927436e+00  -2.2163126e-01  -1.1978211e+00   1.5298189e+00
   2.7029886e-01  -6.1886297e-01  -3.0788742e-01   2.2304835e-02   7.1999143e-01
  -8.0887923e-01   1.9106667e-01  -3.0592115e-01  -4.5695994e-01   1.4750483e+00
  -1.5332506e+00  -2.1508899e-01  -6.4510267e-01   9.0482933e-01   1.3362866e+00
  -7.4369461e-01   1.4295204e+00   2.3624930e+00   1.8251581e-01  -8.7811216e-01
   3.0029667e-01  -5.0918798e-02  -1.8434374e+00  -6.1917890e-02   4.6817515e-02
   2.4818893e-02   9.6543170e-01  -7.8403592e-01   1.3734397e+00  -1.3432441e+00
  -3.8345585e-01  -1.2571965e+00  -8.5689448e-01  -1.7389754e+00   5.8624122e-01
  -8.7391945e-02   2.3690368e-04   6.1647838e-01  -1.7868705e+00   3.3973698e-02
   1.3150196e-01   7.0532796e-01  -1.6222762e+00   6.2838846e-02   1.1874695e+00
   7.1440695e-01   2.7808554e-01  -1.3772358e+00  -1.1357716e+00  -4.6894093e-01
   3.3157561e-01  -8.0070384e-01   4.0621327e-01  -1.5640158e+00   1.8814444e+00
  -3.5128217e-01   5.3089848e-01  -1.0174276e+00   3.1051159e-01   1.8489782e-01
  -8.4559938e-01   2.5279705e+00   2.0616921e-01   3.8477670e-01  -9.5146235e-01
  -3.3075615e-01  -8.9926956e-02   7.4439995e-01   1.3072363e+00   2.5093722e+00
   6.6168054e-01   9.9202347e-01   6.2626178e-02   6.4009473e-01  -8.4847893e-01
  -7.0203210e-01   5.5018671e-01   1.3393815e-01   1.0414102e+00   1.4869516e+00
  -1.7432853e-01  -2.0701275e-01  -4.2535228e-01  -6.3515341e-01   9.5790450e-01
  -1.0352609e+00   1.3174697e+00   6.5998099e-01  -3.2840717e-01   1.5072851e-01
   9.2176922e-02  -1.9998512e+00   9.7500448e-01   6.0626922e-01  -7.2477031e-01
  -9.7980218e-01   2.3230344e-01  -7.6582021e-01   1.2347279e+00  -1.0766691e+00
   9.0155053e-01  -6.5207936e-02  -2.1344971e-01  -4.6146620e-01   1.0094087e+00
   5.3127639e-01   2.7136762e-02  -3.1671221e-01  -1.3299514e+00   2.4710709e+00
  -8.6496848e-01   1.0569114e+00   3.6222110e-01  -5.6066404e-01  -2.1875190e+00
   5.1437757e-01  -9.7013510e-01  -5.9015518e-01   1.3845024e-01   8.7335610e-01
   3.5393304e-01  -4.7659498e-01  -1.3125548e-01   6.7625484e-01   7.6423197e-01
   4.6517005e-01   9.5451794e-01   4.6460739e-01  -2.7433412e-01  -5.1102935e-01
   2.4848113e+00   7.4209246e-01  -6.3243232e-01  -1.1767249e+00  -1.1703884e+00
  -2.1963422e-01  -1.8093196e+00   1.0875999e+00   3.3929210e-01   1.0254553e+00
  -1.3316869e+00  -1.1146592e+00  -8.8834666e-01   6.6547538e-02   1.0010843e-01
  -7.9000256e-01   4.0856295e-02   2.0796968e+00   1.2262305e+00   1.4821268e+00
   2.0274914e+00  -3.8695109e-01  -1.7502302e+00   1.7864088e+00   2.1957604e+00
  -4.8115005e-01   2.0610462e+00   6.6049251e-01   1.5320537e+00   4.2835648e-01
   1.9905817e-01  -3.0498247e+00  -2.1964876e-01   3.6969206e-01   2.8364959e-01
  -1.3039080e+00  -1.7677165e-01   2.2332362e+00  -9.9681408e-01  -1.4262890e-01
   7.7254631e-01   1.0882863e-01   1.0287354e+00   2.3804930e-01   1.1178094e+00
  -9.9001463e-01  -1.0736748e+00  -2.3401293e-01   1.2012969e+00   5.1665053e-01
  -1.6147014e-01  -7.8787459e-01  -5.9435043e-01   1.3486204e+00  -1.4117077e+00
  -9.8495592e-01  -1.0612417e+00   2.8458730e-01  -1.3439514e+00  -6.7757725e-01
  -3.4458601e-01   1.8258775e+00  -5.2521523e-02  -1.0453171e+00  -1.5732468e+00
  -5.8567597e-01  -7.7304741e-01  -8.9272837e-01   1.3746628e+00   6.0344192e-01
   8.2479355e-01  -2.1297964e+00   8.9586799e-01   2.1005924e+00  -2.4646683e-01
   1.5167330e+00   2.0155795e-01  -1.5096752e+00   1.6629150e-01   4.9821327e-01
   1.7892415e-01  -1.5464835e-01   1.9224402e+00   1.7336210e+00  -1.1733621e-01
  -2.3813949e-01   3.4799379e-01  -3.4714495e-01  -1.0512400e-01  -3.5044778e-01
  -8.7621603e-01   1.4922872e+00   3.0506027e-02  -1.2225602e-01  -4.1895669e-01
   3.3198830e-01  -7.1150519e-02   3.0274597e-01   2.5364808e-01   6.1324177e-01
   5.7818986e-01  -7.9419807e-01  -7.6573592e-01  -5.7568690e-01   1.2178385e+00
   2.2898825e+00  -1.3449201e-01   6.6635490e-01   6.6043706e-01  -3.5048352e-01
  -6.2809474e-01   4.1803369e-02   8.1285659e-01   5.5042535e-01   1.0377690e+00
   5.1567732e-01   1.2990119e+00  -1.0332143e-01   8.1992304e-01  -3.7205163e-01
  -1.6173794e-01   5.5965071e-01  -6.0694427e-01  -1.7229735e-01   3.1237709e-01
  -1.0978702e+00  -2.5395436e+00   1.4496883e+00  -4.6019802e-01  -2.7779291e-02
   1.9446108e+00   1.1570944e-01  -1.8511848e+00   4.5087393e-01  -6.3634845e-01
  -9.2981371e-02  -1.3027290e+00  -2.0758540e-01   1.1062198e+00   5.2271193e-01
   4.3709404e-02  -1.0572364e+00  -1.0027901e+00   2.9324556e-01   1.1099952e+00
   6.8344377e-01  -7.4075594e-02  -1.0307358e+00  -6.6775452e-02  -1.4341418e+00
   9.9201369e-01   9.4096956e-01  -2.6297275e-02  -4.1239603e-01  -2.5645563e+00
   1.3933579e+00   7.4524883e-01   1.4685018e-01   3.4834136e-01  -2.4638265e+00
  -6.2328344e-01   8.3172507e-02   2.4791738e-01   7.4376524e-01  -3.4077911e-01
  -6.6221488e-01   1.0151399e+00  -7.9970828e-01  -1.4795160e+00   8.2337595e-01
   3.3822980e-01  -7.8349023e-01   9.1935032e-01   7.1769988e-01  -9.8064888e-01
  -1.7260935e-01   9.4346733e-01   1.0034131e+00  -1.0391701e+00   1.4451491e+00
   3.1945507e-01   1.1651555e+00  -1.3192595e+00   3.1756226e-01   3.5445493e-01
  -1.3334331e+00   1.7479034e-01  -1.3995902e+00   3.7159619e-01  -3.9497105e-01
   2.0059561e+00   1.6061748e+00  -6.5052214e-01  -1.3849255e+00   1.7882277e+00
  -7.0296444e-01   9.2943041e-01  -1.3223354e+00  -1.4594266e+00   6.4969907e-01
   2.0116440e+00   3.6190585e-01  -1.3244705e+00   1.9581413e-01  -4.6848469e-01
  -9.9973521e-01  -1.2049265e+00   4.8466299e-02  -2.2851323e+00  -1.6428960e+00
  -9.8041438e-01   2.2010325e+00  -3.1774442e-01   2.8243916e-01   1.5919080e-01
  -8.1485893e-01   7.9729838e-01  -1.2556325e+00   3.3086367e-01   5.6014725e-01
  -1.2181150e+00  -1.3141760e-01   1.4992066e+00   1.5780960e-01   6.5493218e-01
   4.8732400e-01  -1.3691047e+00  -7.0001375e-01   2.2418731e-01  -1.5767859e+00
  -1.3144126e-01  -1.1850283e+00  -2.5950638e-01  -8.7491183e-01   1.2743553e+00
   1.1091353e+00  -4.3648997e-01  -2.3306748e+00  -4.7235414e-01  -1.2543479e-01
   9.5971157e-01   3.9560829e-02  -1.5806625e-01   8.2312208e-01  -1.4174555e-01
   9.4721529e-01  -5.0853910e-01   5.7399182e-01   1.4461661e-01   5.9430846e-01
  -5.9622632e-02  -1.2141655e-01  -2.6480512e-01  -1.5454605e+00   1.7284998e-01
   8.1001288e-01   7.4389175e-01  -9.5858302e-02   4.7179084e-02  -8.8763511e-02
  -8.1529892e-01   1.1668111e+00  -1.8284746e+00  -7.0234752e-01  -7.4659508e-01
  -1.4163524e+00   8.6677758e-01  -6.2786039e-01   1.7047811e+00   1.2946758e-01
  -5.3270673e-01  -2.5586986e+00   2.3180224e-02   3.8819609e-01   2.6239002e-01
  -1.2843539e+00  -1.6055380e+00   2.0419171e+00   2.6036245e-01   7.8627870e-01
  -8.4060434e-01   4.1290415e-01   1.6081976e+00  -1.8350548e+00  -2.3163345e-01
   3.5981892e-01   1.2519585e+00  -4.2673664e-01  -7.3451394e-01  -2.7948442e+00
  -6.7794322e-01   8.1979506e-01  -9.5731829e-01  -1.0015814e-01   7.2319203e-01
  -1.4958417e+00   6.2360914e-01   6.6717068e-01   4.3866417e-02   1.9252951e+00
   1.0564242e+00  -5.4479005e-01  -6.6174247e-01  -7.1961449e-01   2.2201974e-01
   2.9364037e-01  -8.9056521e-01   2.0066180e+00   4.2573358e-01   1.8994435e+00
   8.0352841e-01  -1.0623896e+00  -1.9577568e+00  -2.1040662e-01   8.4758443e-01
   1.4128208e+00   1.9375408e-01  -1.3779169e+00   6.4334140e-01   1.7939123e-01
  -5.1773923e-01  -4.4487254e-02  -5.0613360e-01  -2.9464917e-01   5.8818701e-01
  -1.4842835e+00   8.5734590e-01  -9.7412789e-01   1.6025299e+00  -1.0831639e+00
  -6.0964348e-01  -1.0794757e+00  -2.1085349e-01   1.1973005e+00  -1.5381812e+00
   2.4696311e-01  -1.4128289e-02  -4.2382459e-01  -9.1349095e-01  -1.0278247e+00
   2.1832926e+00  -1.2246526e+00  -3.5893878e-01  -5.5113371e-01  -2.0587009e+00
  -5.6646679e-01  -1.4191305e+00  -2.1628115e+00   5.1447269e-01  -8.3083000e-01
   5.5984624e-01   4.7224432e-01   1.0960955e+00  -1.1776612e+00   9.7430096e-02
  -1.2560465e+00  -6.9424987e-01   1.3072932e+00  -4.7646795e-02   9.6400184e-01
  -2.8000576e-01  -9.9718821e-01   1.4690343e+00   7.1668174e-01  -3.2778743e-01
   7.5085065e-01   7.5775866e-01  -1.4774926e-01  -1.8395671e-01   8.3358186e-01
   2.0334939e-01  -1.5888709e-01  -8.3108492e-01  -2.6084711e-02   1.6590804e+00
   1.3084065e+00   9.4443300e-01  -6.1160583e-01  -7.0865870e-01   1.1138896e+00
   2.5048528e-01  -5.2690023e-01  -7.2864983e-01   7.7155151e-01  -7.5017613e-01
  -1.1017142e+00   9.3686776e-01  -3.8904898e-01  -7.6069279e-01  -9.9019796e-01
  -2.7594327e-01  -2.4003688e+00  -1.9509931e+00   1.8905440e+00  -6.9878762e-02
   8.9675557e-01  -1.0280945e+00   1.0784388e+00  -1.4579075e+00  -1.4191725e+00
   9.4721314e-01  -7.1890999e-01  -2.3800184e-01  -1.5998073e-01  -1.8280333e+00
   1.9994945e+00  -2.0583765e-01   1.5716639e+00   7.5555805e-01   1.3534964e+00
   9.0345298e-02   1.1901786e+00  -7.8421798e-01   8.2214626e-01  -1.2622139e+00
  -1.6737418e+00  -1.0213911e+00  -8.0278068e-01   1.1463342e-01   8.7789148e-01
  -3.0304055e-01   1.5950307e+00  -1.6430156e+00  -2.9728938e-01   2.8728743e-01
  -1.0287029e+00   6.1894549e-01  -8.4080768e-01  -1.9427552e-04  -1.2830462e+00
  -2.8119910e-01   7.1601954e-01  -4.4537254e-01   1.2218547e+00  -1.1859044e+00
   7.6402124e-01   6.4743715e-01  -1.5560857e+00   8.7928604e-01   4.7755351e-01
  -2.6056798e+00   1.6434976e+00  -4.1759177e-01   1.6204797e+00   7.4199918e-01
   8.2018886e-01  -3.6498530e-01  -1.4684618e+00  -3.0800509e+00  -5.7949194e-01
  -5.4637499e-01  -2.4456450e-01   3.3392219e-01  -1.4407538e+00   1.3618757e+00
  -2.4609074e-01   1.2354402e+00  -2.1519656e+00  -3.4387392e+00  -6.7344357e-01
  -3.4353960e-01  -3.6812426e-01   8.6648930e-01   1.1184992e-01  -2.6446469e-01
  -3.8040437e-01  -1.1848026e+00   1.8442390e+00  -7.6773250e-01   6.1479226e-01
  -1.0094018e+00  -7.9429295e-01  -1.4920008e+00   1.4259881e+00  -5.7628495e-01
   8.0224844e-01  -1.9440137e+00  -1.4623391e+00  -6.8108930e-01   3.2641323e-01
   5.1746318e-01   2.8435599e+00  -9.5683918e-01  -7.0033434e-01   1.3795632e-01
   6.7601247e-01   9.3959833e-01  -6.6370812e-01  -1.1874029e+00  -1.3219005e+00
   2.3160437e-01  -1.3281401e+00  -2.8366978e-01   1.0675219e-01   5.2603969e-01
  -1.2546409e+00  -8.5910976e-01   1.4161778e+00  -4.7567812e-01  -6.9158159e-01
   1.3481246e+00   1.1144834e+00   1.5770202e+00   1.7627263e-01  -1.2041991e-01
   2.2147343e-01   1.0591734e+00  -1.2612588e+00  -1.1209572e+00   7.9127698e-01
  -1.0064578e+00   1.0766927e+00   1.0884168e+00   1.2472866e+00   1.1937189e-01
  -4.7218721e-01   2.1445437e-01  -1.5326165e-01  -1.2917084e+00  -2.4055962e-01
   5.4574658e-01   1.8052996e+00  -2.1810938e+00   4.4146927e-01   8.2751836e-01
   2.6921814e-01   1.1251876e+00   1.3911098e+00  -4.1387547e-01  -5.2854092e-01
   7.9473851e-01  -1.3580469e-02  -3.9594076e-01   4.1235708e-01   3.5157909e-01
  -1.2256924e-01  -1.6487628e-01   5.0854154e-01   1.4025884e-01   2.1496224e-01
  -7.9975158e-01  -1.3337868e+00  -5.2545159e-01   1.2033591e-01   4.0671512e-01
   1.0405651e+00  -3.2234423e-01   1.3405389e+00   1.8688408e-01  -1.8821621e+00
  -2.0199956e+00  -8.4078950e-01  -1.1763427e+00  -7.3374547e-01   1.2337765e+00
   2.1342325e-02   1.7752251e+00   7.1520978e-01   6.2569135e-01  -2.2773421e+00
  -1.1845501e-01   2.9782548e-01  -6.0586494e-02  -7.0589709e-01  -1.3186078e+00
   1.2851126e+00   1.0046259e+00   7.8354156e-01  -1.2266843e-01   7.8903259e-01
  -1.1591199e+00  -1.4811353e-01  -2.0891315e+00   8.4159594e-01  -9.8623319e-01
   3.9495746e-01  -2.0827242e+00  -7.4927877e-01   2.7217607e-01  -1.0404402e+00
  -9.6754839e-01   1.1088864e+00   2.2816446e-01  -1.5011526e-01   1.0892078e+00
   1.2432784e+00   9.0403502e-01   3.6731462e-01   8.2441969e-01  -3.3515695e-01
  -3.0263492e-01  -6.2226326e-01  -1.5719943e-01   1.0556407e+00  -7.7786263e-01
   9.3621201e-01   1.5459686e+00  -3.3520661e-01  -9.5130230e-01  -1.1655713e-01
   4.3025445e-02   2.7116301e+00  -2.5196092e-01   6.1919072e-01   1.1557211e+00
   1.0379125e+00   5.0648155e-01  -1.9892787e+00  -7.0233950e-01  -6.3022255e-01
   2.3643751e+00   7.3488216e-01   5.7858814e-01  -2.1898843e+00  -6.3683523e-01
   3.6465694e-02  -3.0041882e-02   1.7041967e-01   1.8338397e+00   1.5772974e+00
  -1.0963275e+00   2.5245686e-01  -8.6962130e-01  -5.2766562e-02  -2.1533739e+00
   8.6179989e-01  -1.1434119e+00  -1.0970008e+00  -5.7865072e-01   1.0818941e+00
  -1.5343577e+00   7.5782580e-01   1.4058059e+00   6.7052306e-01  -1.0172376e+00
   1.2865244e+00  -1.3678036e+00  -1.1960709e+00   7.9677297e-01   4.3494029e-01
  -5.8059201e-01  -5.4640480e-01  -6.8467820e-01   4.1836193e-01  -6.6625053e-01
   1.2938181e+00   1.9316064e-01  -2.6582031e-01   9.2917569e-03   1.2356287e+00
   1.1560618e+00  -6.7601729e-01   2.0225661e+00   3.8658284e-02   1.8879465e-01
   1.7955212e-01  -1.5655948e+00   8.9349610e-01  -2.8489650e+00   1.2936037e+00
   6.9203819e-01   9.0839701e-01   2.4769231e-01   6.7097848e-01  -1.3119652e+00
   1.1461793e-01   2.2563935e+00   9.0449940e-01  -1.9778947e+00   9.3255092e-01
   1.2423721e+00  -4.8964166e-01  -7.9062557e-02  -2.4076292e-01   1.4120313e+00
   2.8309842e-01  -6.3896150e-01  -1.8201697e+00  -1.1825726e+00   6.1079090e-01
  -5.8009218e-01   1.3695767e-01   7.5995147e-01  -2.5234575e-01   2.5527085e-01
   5.2131248e-01  -1.0614043e+00  -1.5151499e+00   1.5389715e+00   6.4403514e-01
  -1.6097346e+00   1.2472321e+00  -3.8084386e-01   1.5688008e+00  -9.9392792e-01
  -1.3527927e+00  -1.5771231e+00   7.4788666e-01   3.8214129e-02   4.4021847e-01
   1.5299801e+00   1.0646103e+00   4.5832141e-01  -1.7357964e+00   1.4428556e+00
   3.8361866e-01   1.1969459e+00  -7.4493545e-01   2.1917572e+00   9.3658395e-02
   6.7437751e-01   2.6745223e-01  -3.1209528e+00  -5.3492247e-01  -6.9257331e-01
  -2.8663779e+00  -9.6695720e-01   1.7189528e-01  -3.8129198e-01  -4.8935736e-01
  -1.9149646e-01  -8.4612139e-02  -1.1356009e+00  -1.4568984e+00   7.8816013e-01
   1.5736501e-01   1.0351842e+00   1.7501190e-01  -9.8918685e-02  -1.5214145e-01
   1.4310088e+00   9.1406443e-01   1.2034333e+00   4.5692688e-01  -8.8881624e-01
  -9.1201575e-01  -1.5467404e-01   5.3586095e-01  -2.3419865e-01   5.0916480e-01
  -1.9717663e-01   2.5104894e-01  -3.6451227e-01   1.5658254e-01   1.0777279e+00
  -1.5504189e+00   3.0366193e-01   9.4506070e-01   1.2266477e-01  -1.2650703e+00
  -1.7890729e+00  -2.2903625e-01  -4.4218611e-01  -7.1097683e-01  -1.7159997e-01
  -8.5290875e-01   7.0912754e-01   1.4230168e+00   6.4236223e-01  -4.9790781e-01
  -8.7532660e-02   5.1323159e-01   1.4015347e-01  -2.6829862e+00   3.4260239e-01
   1.8133327e-01   1.1762031e+00  -1.6689787e+00  -6.5000597e-01  -1.9494823e+00
   7.9677293e-01  -1.1867040e+00   1.9180150e+00  -2.9914559e-01  -2.3507024e-01
   5.4317837e-01   2.0202781e+00  -9.1083091e-01  -7.2116000e-01   9.2634967e-02
  -5.6840506e-01  -1.6713573e+00   1.0731697e+00  -3.0424493e-01  -5.3016149e-01
  -3.6748293e-01  -1.1453572e-01  -9.5503138e-01  -1.4037617e+00   2.0681737e+00
   6.0621374e-01   1.5899463e-01   1.0448310e+00  -3.3936192e-01  -3.1594816e-01
  -2.6029054e-01   5.8560876e-01  -3.7427681e-01  -4.4941913e-01   6.8994375e-01
   7.0567881e-01   3.1195245e-01  -7.6321192e-01  -6.9969428e-02  -1.0247505e+00
  -4.4164800e-01  -5.3799704e-01   2.4255351e+00   6.0684360e-01   6.2411742e-01
   1.1293957e+00  -1.3975419e-01  -1.8608572e-01  -1.8554238e+00   7.9548074e-01
   1.1430680e+00  -2.6313373e-02  -2.4416369e+00   1.3768486e+00   2.2746862e+00
   4.2586443e-01  -5.3633218e-02   1.0998846e-01  -7.5487221e-01   7.6958854e-01
   1.6345859e+00   6.4977071e-01   2.5950476e-01   2.6977148e-01  -1.0758609e+00
  -1.0699025e+00  -4.2422467e-01   9.0816851e-01  -6.0250700e-02  -8.6470879e-01
  -4.9326281e-01  -3.2617259e-01  -5.1498388e-01  -2.3472177e+00   3.0467132e-01
   1.9979639e+00   5.1446648e-01   1.8649659e+00   1.4880794e+00  -1.1365988e+00
  -1.3532888e+00  -4.8061216e-01   1.2872242e-02   1.1386469e+00  -9.8129985e-01
   1.9808219e-01  -2.1008408e-01   5.1721395e-01  -1.4546798e-01  -8.0099725e-01
  -1.5678320e-01   6.4382062e-01  -2.4120149e+00  -6.3793598e-01  -3.7860446e-01
   7.4122487e-01  -1.0779110e+00  -1.2746584e+00   1.0236941e+00   4.1520423e-01
  -4.7771860e-02   1.6078610e+00  -7.2192242e-01  -5.6603799e-01  -4.3429650e-01
  -9.5342509e-01   5.9791586e-01   6.7617258e-01   1.2942992e+00   7.4782861e-01
  -1.6897310e+00  -4.9412095e-01   9.4797194e-01  -3.8618744e-01  -6.8408412e-01
  -7.9023599e-01   1.0406670e+00   3.0978529e-01  -4.6976547e-01   1.6429812e+00
  -3.9442787e-01  -5.4788838e-01   5.7405372e-01  -4.2431891e-01   5.3597438e-01
  -1.1840122e+00  -6.6561208e-01  -7.4550772e-01   2.9998091e-01   3.1943358e-01
  -5.0897198e-01  -2.8834760e-01  -3.3575132e-01   1.3998509e-01  -2.1633319e-01
   1.6163620e+00   2.0730776e-03   1.3201239e+00  -2.4514933e+00  -9.1446033e-01
   9.0694134e-01  -1.3214733e-01  -1.3657038e+00  -8.1288297e-01  -7.5802495e-01
  -1.4122855e+00  -2.4970555e-01  -4.1009150e-01   4.6331264e-01  -2.7167606e-01
  -4.1161929e-01  -9.8987711e-01   8.9349155e-01  -9.6864561e-02   9.0553718e-01
  -1.5541186e-01   4.1185048e-01   5.5968935e-01  -5.2209570e-01   1.3333403e+00
   1.5793803e-01   1.2893509e+00   2.1098923e+00  -3.9933974e-01  -1.0015207e+00
   3.4089067e-02  -1.9801763e-01   2.0517630e-01   1.7600875e+00  -1.4692405e+00
   1.1171546e+00   2.0096870e-01   4.6755482e-01   6.8280653e-01   1.6700844e+00
   4.4148931e-01  -1.4108180e+00  -1.5141231e+00  -9.8090204e-01  -5.7952783e-01
   9.5238383e-01   9.0820692e-01   8.2052027e-01   6.9682002e-02   6.1152983e-01
  -1.6537926e+00  -5.0676366e-02  -1.9448929e+00  -1.7744047e+00  -2.7702075e-01
  -2.2870459e-01  -5.7585450e-01   6.4365208e-01  -7.8233946e-01  -7.4744143e-01
  -7.8475804e-01  -1.5646686e+00   2.5701208e-01   1.2735227e+00  -3.5942542e-01
   8.4533888e-01   1.6633416e+00  -2.1634831e+00   4.9261309e-01   7.9560268e-01
   1.5699108e-01   4.1137404e-01   1.4048594e+00   8.7930627e-01   5.7640348e-01
  -1.3278688e+00   5.6205434e-01   8.3886977e-01   1.0395298e+00  -1.1097016e+00
  -8.4204210e-01  -4.9955994e-01  -2.2143272e+00   1.0722843e+00   2.9340401e-02
  -2.7939336e-01  -3.2095275e-01   4.8060366e-01   7.4480189e-01  -1.6875181e+00
   8.2038119e-01  -4.1346909e-01  -9.1522178e-01  -3.2121874e-01  -7.6943752e-01
  -1.3956012e+00   9.1158093e-01   3.6746712e-02  -2.4150914e+00   3.0640721e-01
   5.4584640e-01   1.8745435e+00  -2.7251457e+00   1.2611914e-01   2.4544135e+00
  -1.3383731e+00   3.1154472e-01   7.2932783e-01   1.0013806e+00   1.5314461e+00
  -1.5763667e+00  -4.7581669e-01   6.7158038e-01  -1.0689803e+00   1.6245766e+00
   2.5359112e-01  -6.3980194e-01  -7.7034438e-01  -4.1310079e-01  -5.7973873e-01
   7.4137973e-01  -1.2050855e+00   1.1772938e-01   8.9683502e-01   1.5649086e+00
   5.3283411e-01  -3.4261868e-01  -1.2312715e-01  -7.7838343e-02  -3.3782270e-01
  -5.9116619e-01   3.6911704e-01  -7.9039611e-01   1.7644794e+00  -2.1390175e-01
  -3.5745563e-01   1.4807103e-01  -3.4215572e-01   5.8243248e-01  -7.7632345e-01
   1.0619357e+00  -7.6468093e-01   4.3552773e-01   1.1101261e-01   5.9355795e-01
  -6.2838320e-01  -2.8149795e-01   1.7409434e-01   4.5975552e-01  -9.2440365e-01
   5.6043003e-01  -1.3675604e+00   1.5939130e+00   9.6176399e-01   1.7779567e+00
  -1.6546853e-01   9.0016593e-01   4.1715953e-01  -1.4546705e+00   1.3145908e+00
  -1.4455740e+00  -7.1996848e-01   4.4695228e-01   7.1129908e-01   3.3239601e-01
   7.4982191e-01   8.6693169e-01  -2.9380203e+00   6.6310082e-01  -1.2094577e+00
   4.9564477e-01  -6.2738445e-01   1.0686524e+00   1.5271643e+00   4.1222055e-01
   1.1938092e+00   3.0657466e-01   1.1384699e+00  -1.7734701e-01   6.9822921e-01
  -3.9230708e-01  -1.0584427e+00  -1.1354603e-01   9.6314350e-01   2.4628927e+00
  -1.4781251e+00   8.7210995e-01   5.8398012e-01  -8.8550908e-01   1.1299567e+00
   5.5490316e-01  -8.2204497e-01   3.6716013e-01   3.5826888e-01  -6.4361750e-02
   1.1625324e+00   3.8786903e-01  -6.9990873e-01   1.3639656e+00  -1.2045405e-02
  -5.0354364e-01  -3.0809669e-02  -1.5389698e+00   5.4335646e-01   9.8493814e-01
  -5.9836489e-01   5.1196230e-01   6.6739279e-01   1.1321052e+00  -9.6346053e-01
   2.8132965e-01   6.0115092e-01   7.9545637e-01   1.8741014e+00  -2.6341301e-01
   8.1900019e-01  -7.7485817e-01   3.7337888e-01  -1.1880884e+00   7.7449072e-01
   1.1657467e+00   9.1755465e-01  -1.3042868e-01  -4.7489495e-01   6.7174390e-01
  -1.1016705e+00  -3.8876596e-01  -3.9159419e-01  -6.7883404e-01   1.3351710e+00
  -1.0085163e+00  -1.6164228e+00  -1.2125610e+00  -8.9974809e-01   2.4093044e+00
  -3.5698291e-01   1.1002660e+00  -1.0323486e+00  -4.4629775e-01  -3.4699003e-01
  -6.7838014e-01  -1.6728354e+00   9.2117689e-01   2.9334190e-01   1.9713364e-01
   1.3699006e+00  -9.9225306e-01  -9.1228556e-01  -5.4311885e-01  -1.4006797e+00
  -3.4704192e-01  -1.0939808e-02  -6.9342685e-01   1.4919469e+00  -6.7136989e-01
   4.7159647e-01   1.3886411e+00   6.5040389e-01   1.9976329e+00   3.0554415e-01
   1.2112710e+00   2.5275804e-01  -3.8426344e-01   5.4787651e-01   6.9676133e-01
  -9.4705786e-01  -3.2953603e-01   3.4767198e+00   4.5346975e-01   1.1349901e+00
   1.3417485e+00   6.3753003e-01   4.9502795e-01  -1.7210488e+00  -2.4953758e-01
   7.2994401e-01  -3.7919914e-01   1.4517422e+00  -5.1831520e-01  -9.5074054e-02
  -1.0472194e-01  -5.0493651e-01  -4.2792448e-01   1.1686712e+00  -9.7803072e-01
  -4.9721252e-01   1.0111766e+00  -3.8489506e-01   6.0997377e-01  -8.7639953e-01
   7.3471675e-01   6.6862302e-01  -8.1913963e-01  -8.5921086e-01   1.3371281e-01
   5.9627103e-01  -1.4824189e+00   8.1945876e-01  -9.2707988e-01  -8.1466390e-01
  -1.8607620e+00  -3.3798479e-02  -8.3326772e-01  -5.5543332e-01  -6.5414133e-02
  -3.0245872e-01  -5.9489248e-01  -6.9252803e-02   8.1389345e-01  -7.7005871e-01
   8.9340180e-01   1.2553440e+00  -7.9686949e-01   1.1349203e+00   3.5047734e-01
  -1.1671664e+00   4.1927870e-01   9.7012991e-01  -1.7859933e-01   2.8398103e-01
  -1.2940024e+00   7.8155295e-01  -4.2074538e-01   9.3520360e-01   2.9064625e-01
   6.2990536e-01   1.2470992e+00  -1.6014292e+00  -3.2448610e-01   1.2767490e+00
  -1.1343708e+00   1.0210149e+00   1.0163695e-01  -5.8917253e-02   6.6546540e-01
   2.0898222e-01  -4.9503888e-01  -2.7135759e-02  -2.8726630e-01  -1.2649919e+00
   3.3595330e-01   1.2304605e+00   2.1814040e+00  -6.7250186e-01   7.2927382e-02
  -2.0898184e+00  -1.5101105e-01   2.7921626e+00  -3.1391236e-01  -2.0551005e-01
   2.5525215e-01  -4.6587757e-01  -1.7311542e+00   8.0401646e-01   6.1984743e-01
  -4.7904903e-02  -1.9765493e-01   1.7192511e+00   6.6407335e-01   5.0423646e-01
   4.9870025e-01  -8.9903108e-02  -9.6049917e-02  -3.6486062e-01  -8.2840248e-03
  -1.9137516e-01   2.3450528e-01  -1.5854394e+00  -2.2970188e-01   1.0566742e+00
  -1.1698937e+00  -9.9668011e-01   1.2588843e+00   9.2472268e-01  -8.6640523e-01
   1.2250300e-01   2.2492791e-01  -1.8129597e+00  -1.1299135e+00  -5.8787586e-01
   4.3883011e-01   7.8579694e-01   3.7103840e-01   1.3940369e-01   1.4837954e-01
  -7.5316967e-01   1.8997596e-01  -1.0014121e+00   7.1799920e-02  -8.1605023e-01
  -1.4744368e+00   1.3822374e+00   8.2014206e-01  -2.6351530e-01  -2.1078687e+00
   7.9255816e-01  -1.6870724e+00  -1.9214061e-01  -7.9029946e-01  -1.4234797e+00
   4.1610279e-01  -1.4519264e+00  -6.6905820e-01  -9.6569369e-01   3.7875170e-01
  -7.7321029e-01   1.0778772e+00   2.7122332e-01   1.3434219e+00  -2.7684985e-01
  -1.1397363e+00   3.5714276e-01  -1.9350459e-01   1.3374191e-02   2.6937960e-01
   1.7048812e+00  -2.3282942e+00   7.1536492e-01   1.0608079e+00  -1.3105551e+00
   6.0675562e-01  -8.5691693e-01   2.3920549e+00   9.7587061e-01   2.6222502e-01
   1.7570910e+00  -6.3597508e-01   9.8558890e-01  -1.4117103e+00  -1.9571236e-01
   1.0188373e-01   1.1619012e+00  -4.4267913e-02  -6.1494073e-01   4.5473251e-01
   9.4265927e-02  -5.0220915e-02  -4.1521845e-01  -1.4136281e+00  -2.2339711e+00
   9.6789178e-01  -1.2368984e-01   8.8122012e-01   4.8126222e-01  -1.7404914e+00
   2.0762731e-01   1.1594381e+00  -1.4802395e-01   2.2682763e+00   1.4776967e+00
   1.5307594e+00  -1.8153102e-01   7.5020934e-01  -1.6328190e-01  -6.1792062e-01
  -3.2226410e-01   1.1227754e+00  -3.8772365e-01   1.8762779e-01  -1.4724814e+00
   1.0619978e+00   4.7110075e-01   8.0076645e-01  -8.4354004e-02   1.8549974e-01
   9.7283009e-01   2.1217272e-01   1.3752102e+00  -1.1859805e+00  -9.4413693e-01
  -6.2174384e-01   9.5214886e-01  -4.6566541e-01   2.3802161e-02   3.0531281e-01
  -1.4164318e+00  -9.1456453e-01   1.5035403e-01   8.4746469e-01  -1.2937827e+00
  -1.2439083e+00  -1.0324821e+00   1.7170757e+00  -4.1384905e-01  -6.8202036e-01
  -3.0136930e-01   3.1706326e-01   5.9436381e-01   1.2337162e+00   1.0561685e-01
  -8.1494734e-01   1.0171329e+00   1.6481010e+00   1.3276978e-01  -7.7143737e-01
   3.9009362e-01  -8.8272012e-01  -1.9750253e+00  -9.3465870e-01   1.0153177e+00
  -4.7835079e-01  -3.5697839e-01  -8.4593716e-02  -2.9342960e-01  -1.3942014e+00
   1.9554404e+00   1.3528304e+00  -1.3812175e-01  -1.1280298e-01   4.0142800e-02
   8.7206058e-03   5.4326771e-01  -3.0990692e-01  -4.7590380e-02   1.4267877e-01
   4.4514375e-01   3.2589747e-01   6.9351640e-02   1.7049983e-01  -7.0748097e-01
   9.9043922e-01   8.1539542e-01   8.6880741e-01  -3.5860546e-01   1.0659673e+00
  -1.7324067e+00   4.2254392e-02  -1.0008899e-01   7.6464317e-01   1.6663757e+00
   1.5681575e+00  -2.4434143e-01   9.2239444e-01  -9.7626462e-01  -7.0986700e-01
   5.2735043e-01   3.0530235e-01   1.8785871e+00  -7.5882991e-01  -2.4534186e-01
   8.2654887e-01  -1.7149701e+00   1.2278119e+00   7.8057994e-01  -5.4157034e-01
   4.1842721e-01   1.0415168e+00   4.5709712e-01   3.0234971e-01   7.8971811e-01
  -5.0322492e-01   3.3163137e-01   4.6557679e-02   1.8797911e+00  -1.0849707e+00
   1.4281702e+00  -7.1860797e-01  -1.5264718e-01  -1.7195960e+00   3.1697944e-02
   2.2460857e+00   1.8163705e-01  -2.1531910e+00   7.6693229e-01   2.9467955e-01
   9.4737040e-01  -6.0349161e-01   1.6336506e+00  -7.5976792e-01  -1.2618211e+00
   1.5565109e+00  -8.1793450e-01  -8.5775748e-01  -1.4271647e-01   1.1116823e+00
  -1.2536392e+00  -1.4194678e-01  -3.0175112e+00   1.7161012e+00   3.4856722e-04
  -2.6337021e-01  -6.6855671e-01  -2.8103121e+00   1.4508302e+00   9.6921845e-01
   3.2204887e-01   6.9462674e-01  -2.0484688e+00   3.8666372e-01  -6.7650505e-01
  -4.9729985e-01  -7.1876069e-01   2.2111753e-01  -1.0263511e+00  -2.0142273e-01
   1.4455660e-01  -1.2409679e-02   2.2685921e+00  -5.2148214e-01  -1.3801662e+00
   2.1250597e+00   3.0767434e-01   1.9553183e+00   4.0203884e-01   1.5950829e+00
   1.4245511e+00   3.3806433e-01  -1.2464665e-01  -1.0939957e+00   4.9210230e-01
  -1.0193222e+00  -9.5182028e-01   1.2479787e-01   9.2466478e-01  -9.6887398e-01
  -1.8014431e+00  -9.2000721e-01  -1.6533366e-01  -2.5416176e+00  -9.5900459e-01
  -4.8051334e-01  -3.5082521e-01   7.7519804e-01   2.3597315e+00  -5.2737485e-01
   9.6200809e-02  -4.5748881e-01   9.7297812e-01   1.3129320e+00  -1.5084789e-01
   2.6563396e-01   3.6673910e-01   3.2476453e-01  -1.1719350e-01   1.2211169e-01
  -4.3168278e-01   8.5963832e-01  -6.6089328e-01   1.2784110e+00  -4.1386519e-01
  -6.3774500e-01   2.1185369e+00   5.7511712e-01   3.5553114e-01  -8.9492705e-01
   9.4861139e-01   3.6846812e-01   1.0467978e+00   1.3059638e-01  -1.2077617e+00
   8.4271830e-01   1.1503339e+00  -2.5654645e+00  -2.2241725e-01   1.1103681e-01
  -7.9375826e-01   3.6768954e-01  -1.5808109e+00  -5.5973058e-01   2.9413288e-01
  -1.6875308e-01   3.2879709e-02   3.8441795e-02   1.1112683e+00  -7.2284733e-01
  -6.4566116e-01   4.0363261e-01   2.2979604e-01  -9.7383726e-01   3.0038303e-01
  -6.3730701e-01   1.0889265e+00   7.9010727e-01  -1.7041726e+00  -4.7313514e-01
  -3.8886335e-01   1.2525174e+00  -8.1519748e-01   8.1112167e-02  -1.7262230e-01
   5.1807396e-01   9.3653951e-01  -1.3230764e+00   6.5925884e-01   1.3660403e+00
   1.0314495e+00  -2.5493178e-01  -1.5271216e+00  -7.6307618e-01   3.3304048e-01
   2.6078140e-01   3.9469916e-01  -6.7496146e-01  -1.7015626e+00   4.5245770e-01
   4.4352174e-02  -6.4379547e-01   5.6884024e-01   1.1136009e+00  -2.7407414e-01
   7.5258590e-01  -2.3436584e+00   6.1994896e-01   8.1669327e-01  -1.4257448e+00
  -5.6369995e-01   3.7414302e-01   1.2713617e+00   8.7067273e-01  -7.5748372e-01
  -6.5499357e-01  -3.3819302e-01   6.0489909e-01   5.0264580e-01   1.9041193e-01
  -1.2977164e+00  -3.6085428e-01   1.1244420e+00   5.4831993e-01   2.4535552e+00
   6.0624010e-01  -1.7119110e+00   9.9348979e-01  -7.4733691e-02  -2.2597046e-01
  -7.8585141e-01  -3.0895963e-01  -1.4735085e-01   3.9576538e-01  -1.4939643e+00
  -3.3623500e-01  -1.5297812e+00   7.2340117e-01  -1.1927731e-01  -1.9176113e-01
  -3.1581201e-01  -1.9635501e-01  -5.2165597e-01   2.1275550e+00  -1.7189055e-02
  -4.1339580e-01   6.1368897e-01   2.4198866e-01  -1.4499285e+00  -1.6053320e+00
  -7.6161347e-01   3.3444420e-02   1.2026391e+00  -6.0585053e-01  -1.3939155e-01
  -7.2992516e-01   4.1593684e-01  -6.1646094e-01   5.1629603e-01  -1.3456374e+00
   3.7457558e-01  -1.0974585e+00   4.1132614e-01  -1.8811304e-02  -4.7588393e-01
  -5.8101336e-01  -9.2826135e-01  -1.1717215e-01  -1.6771068e+00  -1.7788124e+00
  -1.8703862e+00   1.3266315e+00   7.2591582e-01   1.5188635e+00   3.4138433e-01
   6.9879922e-01   9.6483023e-01   7.8531049e-01   1.2141432e+00   5.7855782e-02
   7.0292842e-01  -9.6956678e-01   3.5377756e-01  -4.6394337e-01   2.6525136e-01
  -1.2152216e+00   2.6654758e-01  -2.1107293e-01  -1.0795537e+00   7.8513700e-01
  -2.6205639e+00   7.7603170e-01   1.3648534e+00  -5.0294033e-02  -8.8939735e-01
  -1.0930158e+00  -1.5781878e-01   6.9665666e-01   1.8079578e+00  -7.0482165e-01
   5.1052289e-01   9.4203333e-02  -9.4656105e-01  -9.5354643e-01  -4.7846728e-01
   1.7566453e+00   1.2162762e-01  -3.8751043e-01  -5.9096229e-01  -2.1892487e-01
   6.9864329e-01  -5.0841503e-01   1.9315242e+00  -5.6109820e-01  -3.5076247e-01
   4.3544125e-01  -5.5880170e-01  -2.3877912e-01   1.4717030e+00   1.0582649e+00
   2.9074920e+00   4.8132109e-01  -2.9125017e-01  -9.6679173e-01  -3.6164940e-01
   1.0400921e+00   1.7573335e-01  -5.5607066e-01  -9.3262599e-01  -3.8817247e-01
   3.2258707e-02   6.9952858e-03   3.0401798e-01  -2.2168460e-01   1.1604056e+00
   1.3264804e+00  -6.9373069e-02  -5.7913046e-01  -1.8121633e+00   7.1179825e-01
  -9.9973907e-01  -1.1913141e+00  -2.6427040e+00  -3.8584593e-01   6.5165353e-01
  -4.0928681e-01   2.9138298e-01  -6.8610072e-01  -1.0436910e-01   3.7998557e-01
   7.9642022e-01   1.8597376e+00  -4.5199824e-01  -1.2818012e+00  -5.7942808e-01
   1.6323125e+00   1.1556903e+00  -1.8949293e+00   9.3763110e-01  -1.2847758e+00
   6.5163140e-01   4.7429649e-01  -2.3012589e-01  -7.5328231e-01   6.8581986e-01
   6.1915989e-01  -4.6598983e-01  -3.7113450e-01   9.6598468e-01  -9.4700453e-01
   1.1766189e+00   1.5078038e+00  -1.8850406e-01  -1.0302337e+00  -1.1286460e+00
   1.1309193e+00   1.2616615e+00  -9.3630796e-01   9.0683472e-01   5.5720420e-01
  -5.0158549e-01   2.8100769e-01  -1.7287420e+00   2.0360955e-01  -1.8682884e+00
  -8.0665475e-01   1.7706729e+00   9.3534085e-01  -1.2240746e+00  -1.2361834e+00
  -3.5993016e-01   2.3418720e+00   1.1188996e+00  -1.4104894e-01  -1.2208346e-01
  -2.3850159e+00   9.3811460e-01   3.4401928e-01   1.0856164e+00  -8.3974609e-01
  -2.1205890e-01  -7.7427157e-02  -1.3364186e+00   2.0521744e+00  -3.0086060e-01
  -1.0951080e+00  -1.7964641e+00   1.2236475e+00   1.1790532e+00  -1.9096519e+00
   1.6767287e-01  -6.8158321e-01  -5.1081591e-01   1.6792718e+00   2.7045042e-01
  -6.4136857e-01  -9.7622581e-01   7.8798733e-01   1.1354935e-01   1.1731822e+00
   1.3227367e+00   1.1413241e+00  -2.3288752e+00   2.8389569e-01   4.1323051e-01
   1.1968116e+00   2.1734141e+00   7.1533469e-01  -9.8080885e-01   1.8581598e+00
   5.8246934e-01  -1.2881933e-01   2.2772804e-01  -1.4793323e-01   8.2218469e-01
   7.8026013e-01   8.7229356e-01  -8.5218888e-01   5.3808095e-01   3.8301826e-01
   3.7697196e-01  -1.2966252e-01   6.9923171e-01   5.7601642e-01  -6.0733642e-01
  -5.7262301e-01  -2.6810466e-01   1.0019242e-01  -8.0674287e-01   1.7160361e+00
   6.5513900e-01   1.8325889e+00  -5.3295748e-01  -1.1366829e+00  -4.6800859e-02
   6.2409890e-01  -1.7227366e+00   3.1877224e-01   1.0184411e-01   5.1167264e-01
   9.0984339e-01   1.2342845e-01  -1.0976052e+00  -1.4436599e-01   1.3258879e+00
  -1.4698105e+00  -2.0333882e-01   2.8706406e-01  -3.7333546e+00   9.6936220e-01
   9.9510383e-01  -4.9939851e-02  -2.8520072e-01   1.4284803e+00   9.7741500e-02
  -1.3988659e+00   8.1763415e-01  -5.2734432e-01   1.3877888e+00  -4.7806811e-01
   7.4239564e-01  -7.2042871e-02  -1.4965957e+00   1.3168947e-01   4.2298544e-01
   4.4313102e-01   5.2898419e-01  -2.0703362e-01  -1.3686574e+00   2.3596376e-01
  -8.8840845e-01   9.0516932e-01  -3.2612668e-01  -9.9274929e-01  -5.6302379e-01
   9.9590859e-01  -3.1402607e-01   8.2608410e-02  -2.6789570e-01  -5.4356105e-02
  -1.4975809e-01  -4.3343944e-01   1.3938216e+00   5.4001357e-01   6.0557278e-01
   1.3062300e+00   8.7091662e-01  -3.3127072e-01   9.4806247e-01  -5.2457904e-01
   8.4724092e-01  -2.4673254e-03   2.1263046e-02  -7.5264731e-01   4.6726630e-01
  -1.5939063e+00   4.0646251e-01   7.0833846e-01   5.4471361e-01  -1.7001220e-01
  -3.9658467e-02  -2.3942405e-01  -6.4803718e-01   6.7722888e-01   8.8870134e-01
   9.1985148e-01  -3.1196031e-01   2.5356373e-01  -8.5335262e-02   1.3877388e-01
  -2.6238874e-01  -4.0936633e-01  -1.4161514e+00   2.4886879e-01  -1.4635106e-01
   4.9392552e-01  -3.3421643e-01   3.1930226e-01  -1.2915469e+00  -1.6765572e-01
   5.6032329e-01   9.8337700e-01  -1.1942397e-02  -2.9642272e-01  -3.0395452e-01
   4.0102499e-01   2.3581774e+00   1.1929901e+00  -3.9949006e-01   8.1912752e-01
   1.3015134e+00  -1.8826403e+00   1.0212867e+00  -3.4948909e-01   1.6553474e+00
  -1.0756041e-01   6.7357991e-01  -2.5794103e-01   9.5893476e-01   9.8779722e-01
   2.6633049e-01   4.4756176e-01  -5.3262120e-01   3.3426293e-01  -2.9044284e-01
  -1.1341731e+00  -1.4725432e+00  -9.3685977e-02   8.0203043e-01  -1.8392966e+00
  -3.6575162e-01  -1.0330765e+00  -5.2966878e-01   9.8000330e-01  -7.4792489e-02
   6.8196360e-02   4.4491339e-01   3.5612106e-01   3.4175341e-01   1.6017655e+00
   2.5029874e-01   7.1710881e-01   3.2115186e-01  -2.1504027e+00  -1.3110606e+00
  -5.7689593e-01   7.4071287e-01   6.3592200e-01   5.4615593e-01  -2.3534812e+00
   5.0420401e-01   4.7574560e-01   2.8507036e-01   4.3065670e-01   2.0385846e-01
  -9.3668029e-01   2.8511626e-01   6.5396995e-01   4.1145902e-01  -2.5651358e+00
  -1.0599461e+00   4.9401598e-01  -8.4956363e-02  -1.2328444e+00   4.5214605e-01
  -1.2668436e-01  -3.0828950e-02   2.1549375e-02  -1.2552735e+00  -3.9013096e-02
   2.9352702e-01   1.1583883e+00   3.0789651e-02   4.4287117e-01   7.7340045e-02
   3.0293005e-01   1.1536192e+00   1.2583238e-01   2.4943774e-01  -3.4407909e-01
  -4.9401837e-01   5.3727073e-01  -9.5533193e-01   4.7351017e-01  -3.4154306e-03
  -1.1514403e+00   2.2047434e-01   1.1013641e+00   7.8786953e-01  -9.4611668e-01
  -4.0915791e-01   3.8782083e-01   1.8024067e-02   1.2127408e+00   8.5385305e-01
  -1.6511447e+00  -1.5339465e-01   9.5693396e-01  -4.9055913e-01   2.4171080e-01
  -2.9880994e-01   5.6027979e-03  -6.7677943e-01  -9.1573944e-01  -1.9923803e-01
  -5.1405070e-01   5.9147055e-01   4.2672198e-02   1.2084266e+00  -1.1650285e+00
  -1.1160937e+00   1.0773503e+00  -7.0650661e-01   4.9163514e-01  -5.0662759e-01
  -1.2968376e+00  -7.2040098e-01  -1.6883300e-01   8.9117971e-01  -2.5508842e+00
   8.3454679e-01  -5.1183803e-01  -3.0230310e-01   2.4855089e-01  -1.0644811e+00
   4.7606791e-01  -1.8935132e+00  -2.3843648e-01   7.1048005e-01   1.0938484e+00
   3.2058150e-01   4.1970307e-01   9.2984516e-01   2.5078065e-01  -1.3450316e+00
   4.9413859e-01   1.0064397e+00   1.5882247e+00   6.2266545e-01  -7.1754973e-02
  -3.0217545e-01   8.3837580e-01   1.3759084e+00   1.0492215e+00  -1.6557851e-01
   2.2164167e-02   2.7043719e-01   1.8983710e+00  -1.1517421e+00  -6.6771383e-01
   4.9648849e-01   4.3695480e-01  -1.5551957e+00  -3.8114960e-01  -3.7996712e-01
  -7.2654613e-01  -1.4361187e-01   4.7144936e-01   1.5457350e+00   8.5825685e-01
  -7.8570501e-01  -4.8931000e-01   3.9213532e-01   1.3681599e+00   1.5876506e+00
   9.9489597e-01   5.5124684e-01  -1.9477659e+00   1.8207421e-01   4.5698359e-01
   1.4786844e+00  -2.9361898e+00   7.5588717e-01   5.9625906e-01  -5.0182913e-01
  -2.0803629e+00  -1.4869664e-01  -7.5154892e-01   1.5464543e+00  -8.1264459e-01
  -4.1598487e-01   1.1815591e-01  -1.2004894e+00   1.4020600e+00  -8.0369621e-01
  -8.7626656e-01   2.3192410e+00   4.9465019e-01  -5.0069205e-01   2.0525029e+00
   3.4080707e-01   7.8726460e-01   1.8126734e+00  -7.4633514e-01  -1.0582836e+00
  -1.4676026e+00   6.0409490e-01   1.7750785e+00  -4.9936245e-01  -5.5891949e-01
  -8.1037902e-01  -7.5115501e-02  -6.3113678e-01  -1.4607611e+00   6.0091646e-01
   1.2617579e+00   1.4611286e-01  -2.5334708e+00  -8.2474704e-01   1.2462153e+00
   4.8786544e-01   1.6153631e+00  -7.1790990e-01  -1.2417444e+00  -5.3054294e-01
   5.8554663e-01  -7.4258138e-01   6.7713777e-01  -3.7474196e-01   1.5132029e-01
  -1.9852323e-02   2.3599284e+00   6.0403234e-01  -5.0579081e-01  -3.0161033e-01
  -2.9035043e-01  -1.6352606e+00   1.4070059e+00   2.4465126e-01   1.4167150e+00
   5.3206529e-01  -1.0914214e+00   7.7601969e-01   1.1811978e+00   8.5920506e-02
  -7.6921735e-01   7.1592379e-01   1.4450735e+00   2.2591064e-01  -3.1340169e-01
  -1.5756337e+00  -8.7977297e-02  -2.4365691e-01  -1.9873609e+00  -5.5536760e-01
   2.2853826e-02  -5.9337667e-01  -1.7029603e+00   2.2714185e+00   3.9155192e-01
   1.0336698e+00  -1.9334060e+00   2.1889484e-01  -4.6750254e-01   1.3840714e+00
  -9.1102994e-02  -1.0045620e+00   1.3661581e+00   2.6484569e+00  -1.0281398e-02
  -1.7703331e+00   1.7995099e-02  -1.1330136e+00  -1.1796596e+00   1.8590702e+00
  -7.8902613e-01  -3.7043238e-01   6.1216998e-02  -2.7825600e+00   1.8356844e-01
  -2.6661174e-01  -2.2524258e-01  -9.4882368e-01  -3.7682470e-01  -1.0840803e+00
   1.4742813e+00  -1.2263542e+00  -8.0728639e-02  -1.1426311e+00   4.9787526e-01
  -1.5203116e+00  -1.0219903e+00   1.0025533e+00   1.0634390e+00  -1.9103337e+00
   4.3806827e-01   2.3665345e+00  -1.0410856e+00   1.1247267e+00   5.3676279e-01
   3.2156252e-01   7.7697758e-01   8.7015118e-01  -1.6867089e-01  -1.4080034e-01
   1.0605903e+00  -1.6056148e+00  -4.9408902e-01  -1.1133522e+00  -4.4754937e-01
  -1.2860977e+00   1.4202541e+00   1.6270975e-01  -8.8700286e-01   9.6485613e-01
   3.1792729e-02   5.8780763e-01   1.9676401e-01   2.5144256e+00   8.7107337e-01
  -4.6694775e-01  -3.0474908e-01   3.9331980e-02   2.2159229e-01  -5.5615832e-01
   4.5978930e-02   5.2381523e-01   1.1622372e+00   3.1551020e-01  -5.8060530e-02
  -1.3258358e+00  -8.2950855e-01   8.5227242e-01  -6.2795430e-01   1.6110700e+00
   7.6746950e-02  -2.2573552e-03   4.3531456e-02   2.8106230e+00  -1.2714133e-01
  -8.1171510e-01  -7.5997968e-01   1.9659009e+00  -2.6059219e+00   2.9158162e-01
   6.9366667e-01   1.8963788e+00   7.3467916e-01  -4.8385922e-01  -8.5658601e-03
  -3.5998800e-02  -9.1786733e-01   9.1903814e-01  -1.5500765e+00  -1.6772885e+00
  -4.1951611e-01  -2.1749000e-01  -1.5078335e+00   2.9373781e-01   2.0113705e-01
  -2.8690915e-01   1.7772486e+00   5.2540767e-01   4.0492036e-01  -6.3296683e-01
   5.8584207e-02   6.6054436e-01   1.5701065e+00  -1.1662555e+00  -1.2696793e+00
  -1.2172505e-01   4.3333752e-01   9.5676591e-01  -1.6088568e+00   3.5022060e-01
   4.5460524e-01  -8.3823060e-02  -3.0760049e-01   5.7880210e-01  -3.2163576e-01
   1.4798409e-01   4.6052021e-01   3.9152481e-01  -7.3900261e-01  -8.3016096e-02
   4.5604593e-01  -1.8637672e+00  -1.1676709e+00   1.0747306e-01   1.6407411e-01
   1.3648175e+00  -4.8729204e-01  -1.1518758e+00   8.6182202e-01  -5.7490272e-01
   2.6411623e+00  -7.1646569e-02  -8.8229053e-01  -8.7299536e-02  -1.4106221e+00
  -1.1840618e+00  -7.2393868e-01  -9.6536687e-01  -8.9114963e-01   1.0010646e-01
   7.3123138e-02  -6.5945354e-01   1.0202977e+00   6.8146309e-01  -1.0929401e+00
  -7.6285861e-02   4.1273005e-01  -2.4129731e-02   4.6788002e-01   1.8696402e+00
   8.2332622e-01   1.2699971e+00  -8.0459649e-01   9.2278254e-01   5.6902870e-02
  -8.6971480e-01  -9.5993469e-01  -2.5403332e-01   2.4125483e+00   1.0169983e+00
  -5.1776811e-01  -1.3672215e+00  -1.2000456e+00   2.3779502e-01   1.5905856e+00
   3.4438223e-02   3.4333595e-01  -1.4858941e+00  -2.0692797e-01   1.4013414e-02
   8.2205468e-01  -2.0854846e+00   1.3078680e+00   1.4031969e-01   2.0657713e-01
   8.6453377e-01   2.6166037e-02   7.6596781e-01   3.4862530e-01  -5.0876767e-03
   1.2949074e+00   6.1707836e-01  -2.8821252e-01  -6.8890318e-01   1.0375307e+00
  -6.7807581e-01   1.7518778e-01  -1.6470375e-01   4.4438651e-01   1.0199115e+00
   1.3618465e+00  -1.5075162e+00  -4.4821540e-01  -3.2768399e-01   1.0814432e-01
  -7.6191123e-01   2.1511332e-01   6.6701290e-01  -7.7080248e-01  -1.3401407e-01
  -2.3980174e-01   1.8416299e+00  -1.0596974e+00   6.4605176e-01   8.6500801e-01
  -2.5845830e-01   7.6782886e-02  -5.0845914e-01  -1.1466608e+00   2.8572202e-01
   3.0294887e-01  -1.1782206e+00   3.7932598e-01   1.6456476e-02  -3.5688602e-01
   3.8063583e-01  -1.5337478e+00   3.4416797e-01   1.0806039e+00  -5.9408256e-01
  -5.7790589e-01  -4.5019539e-01   3.1546207e-01  -1.3544408e-01   9.4139235e-02
  -9.3039361e-03  -3.3963277e-01  -2.2291257e+00  -3.5332714e-01   3.5956927e-01
  -1.8701447e+00   1.1205203e-01   4.7004293e-02  -3.5522116e-01  -1.8682289e+00
   7.6074253e-01   1.9258314e+00   1.7418718e+00  -1.2637077e+00  -2.8415277e-01
  -1.4206319e+00  -2.0205320e-01   1.1882124e+00   4.4598042e-01   8.4182204e-01
   6.6288320e-01  -3.0357762e-01  -1.1780098e-01  -4.3661728e-01  -3.8080624e-01
  -8.8874037e-01   1.5046123e+00   1.0786708e+00  -4.7368852e-01  -2.3240735e+00
   9.8640497e-02   1.0893937e+00  -8.9965165e-01   1.5127340e+00   1.9279126e+00
   6.7536334e-01   1.4826092e+00  -1.9103383e-01   4.8955145e-01   1.6062546e+00
   3.7701502e-02  -1.7518243e+00  -7.1935360e-01  -1.1778443e+00  -6.0660778e-01
   5.9178535e-02   3.6102066e-01   1.0427256e+00   9.2524052e-01   1.9734640e-02
  -1.4478538e-01   1.0462065e+00   8.3273963e-01  -1.5538065e-01   8.5135236e-01
   5.7172787e-01  -3.7682692e-01   2.1424871e+00  -3.9394596e-01  -6.4602613e-01
  -1.1632171e-01   6.1534125e-01  -3.6240711e-01  -6.3972599e-01  -1.1231186e-01
   1.2728371e-01   9.5408367e-01  -4.8241854e-01  -3.0285452e-01  -6.5426799e-01
   2.5218986e-01   6.5178695e-03  -9.0108707e-01   9.4075710e-01  -1.8695941e+00
   2.2561550e-03   4.2925536e-01   1.4295500e+00   5.6308546e-01   8.9714955e-01
   8.0661209e-02   2.0706985e+00   3.1753167e-01  -8.9651590e-01   8.5805498e-01
  -1.8259615e+00   5.1389874e-01   1.8226922e-01  -1.0438607e+00   2.1617637e-01
   7.4045563e-01  -1.1600017e+00   2.8934075e-01   5.0100616e-01  -2.5129531e-01
   4.0039375e-01   2.9728657e-01  -7.1358510e-01   5.7767837e-01   9.8655863e-01
  -1.1840949e+00  -9.4436222e-01  -1.9297601e+00  -5.9001123e-01  -1.6591472e+00
   1.1008932e+00  -2.3324188e-01  -2.2410616e-01   1.1055921e+00  -1.2653086e-02
  -1.1477210e+00  -1.2099967e+00   6.5354143e-02   2.5570333e-01   3.1962627e-02
  -1.5214446e-01   7.4885268e-02  -1.6322000e+00  -1.0430086e-02   9.5485794e-01
  -1.2455192e+00   7.7237870e-01  -2.0134862e-01   5.4453970e-02   1.5251538e-01
   3.0916352e-02   1.5287331e-01  -1.2940004e-02  -4.6912941e-01   6.8069854e-01
   1.1046332e+00  -8.1365486e-01  -1.7843745e+00  -3.0876891e-01   6.6847728e-01
   1.0413894e+00  -7.6870836e-01  -5.3234425e-01   3.8291964e-01   9.0888723e-01
  -1.0779356e-01   5.6584029e-01   2.5575032e-02  -5.4819104e-01   1.7330912e-01
   3.0572271e-01   2.3883344e+00  -3.0718206e-01  -9.4779938e-01  -1.4934725e+00
   4.0729772e-01   3.5833694e-01  -9.5654064e-01   3.9413488e-02   1.7622528e-01
  -1.5859200e+00   2.1165035e+00   4.4943059e-01  -1.8074970e+00  -6.8452224e-01
  -4.3844492e-01   4.2574632e-01   5.8071987e-02  -8.7541405e-01  -1.1146427e+00
   1.1088585e+00  -1.2625438e+00  -2.5781407e-01   6.4155111e-01   1.2233286e+00
   3.4062962e-01   9.6537554e-01   1.1911795e+00  -1.6366084e-02  -7.9197716e-02
   3.6585772e-01   5.7299168e-01  -1.9815602e+00  -8.2712204e-01   4.5520084e-01
  -5.8564971e-01  -7.8693386e-02   1.8752272e-01  -7.7530273e-01  -3.2588655e-01
   1.0266501e-01   3.5501504e-01   1.6085722e+00  -1.3163129e+00   7.1226319e-01
   4.3739819e-01   5.5425532e-01  -8.3201557e-01   3.0486360e-01   7.2485158e-01
   1.3643185e+00  -1.5344737e+00  -5.9376771e-01  -1.0603103e+00  -1.1350792e-01
  -2.2041518e+00   1.1425872e+00  -2.2580393e+00   2.2908939e-01  -1.4478032e+00
  -6.1614427e-02   1.1282225e-01   4.9238102e-01  -1.3187100e+00   2.1818958e-01
  -6.3996879e-01   1.2575351e+00  -7.6399907e-01  -1.3280732e+00   4.4881127e-02
  -3.1323598e-01   1.4193026e+00   7.9691257e-01  -4.2883567e-01  -1.0500420e+00
  -7.8322805e-01  -1.7729630e+00   1.5576167e-01   7.2835560e-01   7.7182651e-01
   1.0931094e+00  -1.0733310e+00  -5.7037100e-02   1.2486555e+00   4.3002583e-01
  -6.2999519e-01   4.4108910e-01   1.5265026e+00   3.6020758e-01  -5.0782826e-01
   9.4553639e-02   1.6977350e-01   5.9624933e-01  -6.0156233e-01  -2.7767855e-01
   5.6940286e-01  -2.3283763e-02   1.6348194e+00   1.0553746e+00   5.1478305e-01
  -4.5072373e-01   2.5937145e-01   8.2822104e-02  -4.9151723e-01   6.6396496e-01
   7.2044122e-01  -1.2796697e+00  -4.5928376e-01   1.1077548e-01   3.2412952e-01
   6.3777576e-01  -1.2084670e-01   7.6697792e-01   6.7056256e-01   2.0132684e-01
   5.8505640e-01  -1.2336834e+00  -1.5086642e-01  -2.1015117e-01   4.0995548e-01
   1.0897305e+00   6.6946654e-01  -3.6744952e-01   1.7922383e+00   1.8540258e-01
  -6.1453351e-01   4.2668749e-01  -1.0512682e+00   8.3459931e-01   1.0378874e+00
   1.4506488e+00  -1.6792971e+00  -7.7255182e-01  -1.5177035e+00   1.1576606e-01
  -5.4338634e-01  -4.5324062e-01   4.4154903e-01   2.0877149e-01   5.0538656e-01
   2.9340925e-01   6.7405604e-02   1.8476574e-01   2.9193239e-01  -8.4129294e-01
   4.9568162e-01  -6.4724126e-01   5.7527495e-01  -3.8367479e-01  -3.2364560e-01
  -3.0115580e-01  -6.8132095e-01   9.1713923e-01   2.6266505e+00  -8.9676858e-01
  -1.9326763e+00  -9.0229677e-01  -3.2822592e-01  -9.9974238e-01  -2.5202193e+00
  -6.8833319e-02  -2.7771505e-01  -1.0014418e+00   1.5584928e+00  -1.2639601e+00
  -1.0604615e+00   1.9712096e+00   1.3687487e+00  -1.5265462e-01   7.8188183e-01
  -7.6947787e-01   4.1723576e-01   5.4302989e-01   1.0558192e+00   1.2658512e+00
  -9.8928391e-01   7.0939505e-01  -1.2158012e+00  -6.6313015e-01  -2.6420417e-01
  -6.8709486e-01   2.5022603e-01  -7.2265913e-01  -1.2260836e+00  -4.6582321e-01
   3.2100985e+00  -1.7803841e+00  -1.4017102e-01   1.5944776e-01   4.2287771e-01
  -2.3677412e-01   5.7472787e-01  -3.9429041e-01  -8.9975265e-01   8.1170898e-01
  -1.9172955e+00  -1.6813238e+00   2.6631043e-01  -5.6821931e-01  -3.6863552e-01
   1.4271301e+00  -2.1146606e+00  -5.7489480e-01  -1.6952040e+00   6.8005098e-01
   5.5015698e-01  -3.3877928e-01   2.1449481e+00   5.9255470e-01   7.5293368e-01
  -4.1157108e-01   5.8528283e-01  -7.3734742e-01  -3.3960333e-01   9.2174804e-02
  -4.1955622e-01   1.3155228e-02  -1.8660406e+00   6.8593560e-02  -8.2430564e-01
  -2.8677211e-01   1.0683500e+00  -1.1866382e-01  -2.0059148e-01   3.1542196e-01
  -4.9238858e-01  -1.3242601e+00  -3.3194100e+00   9.0519327e-01  -2.5983584e-01
  -3.2192399e-01  -1.8742913e-01  -2.3599909e+00   1.7000983e+00   4.4928781e-01
   1.2180451e-01  -5.3429645e-01   1.3815165e+00   9.0386355e-01   1.1557158e+00
   2.6894990e+00   1.2938766e+00   9.3167232e-01  -4.4365138e-01  -1.2458817e+00
  -1.0188198e+00   9.3631588e-01  -1.8667218e+00  -1.5923663e+00  -1.2486139e+00
  -1.0105642e-01  -2.9064324e-01   1.0562903e+00  -1.5911148e+00   2.1847580e-01
  -1.4521301e+00  -1.0583174e+00  -3.1105233e-01   9.4780123e-01  -7.7489126e-01
  -1.8098733e+00   3.4449548e-01  -9.8830063e-01  -1.7991910e+00  -1.7986758e-01
  -1.3563802e+00  -6.6652229e-01  -9.5394274e-01   3.4122248e-01  -8.6421020e-01
  -1.2034663e-01  -6.5787154e-01  -1.8116864e-01  -1.4042275e+00  -7.9943636e-01
   1.1855766e+00   1.3675533e+00   3.5125808e-01  -3.7342005e-02   5.4740369e-01
  -3.7010950e-01   4.0095698e-01   3.7100536e-01   4.4410999e-01   2.6162082e-01
   9.8962610e-01   8.7076003e-01   2.1941067e+00   6.0180384e-01  -1.0559575e-01
  -4.1609820e-01   5.7087011e-01  -7.6687106e-01   1.7571808e+00   1.2194715e+00
  -7.2231904e-01  -3.3343447e-01   3.3520501e-01  -1.0007789e+00   2.7629986e-01
   1.5029158e+00   1.6918387e+00  -7.9099895e-01   1.4397503e+00  -9.3450111e-01
  -1.4687047e-01   9.5944818e-01  -8.6192360e-01   6.9499734e-02   2.8530798e-01
  -3.9451726e-01   1.7787021e-01  -4.6207413e-01  -7.8964629e-01   7.4072273e-01
  -3.9948457e-01   1.7906380e-01  -1.0451045e-01  -7.5262853e-01  -2.0136064e-01
   1.0841164e+00   1.5722083e+00   1.0000508e+00   1.1498696e-01   6.4313948e-01
  -9.2553481e-01   5.8044627e-01   1.2830227e+00   7.7528264e-01   2.2154847e+00
   2.2405563e+00   8.6471909e-01  -1.3695690e+00  -2.5983240e+00   1.8811205e+00
   1.1164604e+00   6.2538308e-01   1.0032381e+00   1.4308961e-01   1.0013888e+00
   6.5727643e-01   5.1781351e-01   1.6252659e+00  -9.6469583e-01   3.7476688e-01
   1.1596735e+00  -2.7516139e-01   5.0147543e-01   3.9121689e-01   1.1280684e+00
   8.2098115e-03  -3.7918991e-01   3.2842022e-01   6.2365129e-01  -3.6380530e-01
  -7.5175497e-01   2.2505426e+00   3.3915001e-01   1.7112053e+00  -7.1896172e-01
  -4.5894739e-01  -1.2551127e-01  -6.6582350e-02  -4.8631737e-01  -8.7351591e-01
  -9.2178629e-01   4.6988881e-02  -3.6950458e-01   1.4657626e+00  -4.0611927e-01
   1.0576790e+00  -4.9650013e-01   1.7057976e+00   1.6163581e-01   1.2185131e+00
  -3.5588036e-01  -8.7057054e-01   6.8401193e-02   8.9794944e-01  -7.4471987e-01
   3.9131397e-02   2.0122557e-01  -3.6160039e-01   3.4996326e-01  -7.5790469e-01
  -5.9804190e-02  -1.2087963e+00  -1.4719715e+00   1.2605874e+00   2.0992831e-01
   4.2490376e-01  -5.3291633e-01  -1.0592857e-01  -1.1541128e+00  -1.5143808e+00
   2.2319542e+00   1.2970061e+00  -2.0123460e-01  -2.9005607e-02  -4.1625911e-01
   6.8172606e-03   1.3359324e+00  -8.2375779e-01   1.2523710e+00   8.3192734e-01
  -7.7725813e-01   9.6803540e-01   7.8907232e-01   2.5321021e-01  -3.9499291e-01
  -4.3934820e-01   9.7885107e-01   2.1513653e-01   7.2251887e-01  -1.1657347e+00
  -1.8004311e-01  -1.0606233e-02  -3.4621042e-01   6.9307910e-01  -9.1634800e-01
   1.1683134e+00  -3.3640809e-01  -1.4194592e+00  -1.5733737e+00   2.6336790e-01
  -5.5875206e-01  -1.4566247e+00  -1.0870821e+00   2.8205099e-01  -2.8508867e+00
   1.2125261e+00   3.5797631e-01   5.9831596e-01  -1.1641008e+00   1.1112031e+00
   9.4847733e-01   1.6939089e-01  -7.3603649e-01   4.0605839e-01  -6.4877053e-01
  -9.4821241e-01  -1.3121716e-01  -7.8460274e-01  -5.8743514e-01  -1.3443266e+00
  -8.0215504e-01   1.8701571e-01   9.9388983e-01   4.8052945e-01  -3.9114982e-01
  -4.6245408e-01   1.4873588e+00  -1.4939115e+00  -6.4077941e-01  -1.2270073e+00
  -5.2755859e-01   2.2149426e+00  -1.4733784e+00   1.0290477e+00   1.5970450e+00
  -1.1398305e-01   3.4516531e-01   7.7216268e-01  -1.1972096e+00  -4.1840369e-01
  -3.0746080e-01  -1.1737985e+00  -4.0622504e-01   8.9916006e-03   2.9852711e-01
  -2.0913926e-01  -1.3671011e-01  -9.9329234e-01  -1.8886224e-01  -8.6882881e-01
  -7.7362330e-01   2.1271085e-01  -7.9698868e-01  -3.9904230e-02  -1.2606078e+00
   1.5781687e+00  -1.0286272e+00  -1.1457307e+00  -3.4321333e-01   2.3937768e-01
   5.5437782e-01  -7.8174328e-02   7.8019667e-02   7.1310035e-01  -1.0479801e+00
  -4.0267965e-01   7.6607026e-01  -1.2787780e+00   1.5786515e-01  -9.3814595e-01
  -6.8887286e-01   9.5220074e-01   1.5536975e-01  -4.6710016e-01  -1.6818865e+00
   6.0145167e-01  -4.6423205e-01  -2.3057723e-01   6.6176331e-01   1.0997261e+00
  -1.6620303e-01   1.9377970e-01  -6.0037948e-01   1.5318964e+00  -1.2958994e+00
   2.7623863e-01  -1.5652053e+00  -4.3489967e-01  -3.4602961e-01  -1.8811228e-01
  -1.8844143e+00   5.7430604e-01   1.5993546e+00   2.7539278e-01  -6.4395164e-01
  -3.3564539e-01   2.3700640e-01  -3.8708045e-01  -4.5223949e-01  -2.3511922e-01
   5.9291805e-01  -1.6450042e+00  -5.7078105e-01   9.0595739e-01   7.3154168e-01
   6.4327045e-01   4.9183139e-01   7.8827100e-01  -7.0583307e-01   3.1126745e-01
   4.2670387e-01  -9.8615451e-01  -1.1758580e+00  -1.0799774e+00  -4.3368750e-01
   1.0668533e+00   1.3550411e-01  -4.5658984e-01  -3.7281170e-02  -1.2107851e+00
  -1.0242454e+00   9.8444949e-01   1.6783320e+00  -1.5092550e-01   7.7304718e-03
   1.1968356e+00   2.3498656e-01   1.3313472e+00   8.1236044e-01   9.5993356e-01
  -8.5517770e-01   1.6974746e+00  -2.2696220e-01  -1.8003516e+00  -4.6344377e-01
  -1.2658727e+00  -3.7278911e-01  -8.6953575e-01   9.1130927e-02  -1.3666933e+00
  -1.3297830e-01   2.1040121e-01   1.3270778e+00   5.1947916e-01  -1.2372783e+00
  -1.6901101e+00  -5.0785429e-01   1.2377949e+00   1.8362433e+00  -1.3228094e-03
  -1.9325435e-01   2.5078830e-02  -1.7765950e+00  -4.6940453e-01   1.2747248e+00
  -2.3974246e-01  -3.9178465e-01  -6.8235259e-01   1.9993641e-01  -2.2436119e-01
  -1.0385895e+00  -1.1478505e+00  -6.0681618e-01   2.2090377e+00  -1.0416691e+00
   7.4460725e-01   4.6178115e-01  -5.1588703e-01  -1.5514958e+00   1.4021341e+00
   1.1510221e-01   1.5565636e+00  -1.9505280e+00  -3.0119758e-01  -1.6959012e+00
   4.2379041e-01   5.8511468e-01   1.8130024e+00  -1.4728558e-01  -3.6297557e-01
   1.2802418e-01  -6.0284225e-02  -1.0438735e+00   8.3825526e-01  -1.0672105e+00
   7.5124984e-02   4.3762370e-01  -7.4131190e-01   1.3299216e-01  -1.1969528e+00
   8.6139291e-02   8.1223149e-01   1.7493701e+00   4.1155419e-01   8.1250100e-01
  -3.5837163e-01  -3.3642079e-01   2.5149711e-01  -5.1619253e-01   7.3890767e-01
  -1.0230249e+00  -5.1941136e-01  -3.4886305e-01  -1.7360278e+00   6.3011458e-01
   8.8333995e-02   2.3802761e+00  -1.1869097e+00  -4.9156357e-01  -3.3060877e-01
   5.2624379e-02  -4.2862932e-01  -2.5098238e-01  -1.1361850e+00  -1.6099163e-01
  -5.9013769e-02   1.3748738e+00  -1.4884400e+00   2.7952429e-01  -5.6954226e-01
   4.4715275e-01  -2.2639764e-01  -1.3545512e+00  -2.0316324e+00  -2.9475710e-01
   1.2389162e-01   1.2781553e+00   5.1801607e-01  -4.4622359e-01  -1.1940222e-01
   2.4575511e-01  -7.6704411e-01  -2.6181921e+00  -8.8760408e-02  -6.7290178e-01
   1.0341356e+00   9.0369426e-01   1.0681371e-01  -7.9444288e-01   6.2888095e-01
   1.1129850e+00  -1.0972347e+00  -4.8458522e-01  -1.1517923e-02   3.4713070e-01
   1.7120661e+00  -6.6708765e-01  -1.1705980e+00  -1.6962959e-01  -7.0228601e-01
   1.3536076e+00   6.5535243e-01   1.3546880e+00  -3.4959512e-01   1.0034517e+00
  -4.7875689e-01   1.0422079e+00   1.1111781e+00  -2.8377554e-01  -4.9960030e-01
   9.4582240e-02   2.0875448e-01   1.5542703e+00  -1.1232849e+00   1.0399566e+00
   6.6957088e-01  -8.5679081e-01   4.4115979e-01  -4.5431343e-01  -1.0064761e+00
   6.0028325e-02  -1.5068253e+00  -2.2412967e-01   1.5201726e+00  -3.1096571e-01
  -1.2345571e-01   1.1189153e-01   9.0113150e-01   2.5708684e-01  -3.2989436e-01
   8.7565076e-01  -9.7067395e-01  -9.9621877e-01   5.6242389e-01  -1.9834585e-01
  -4.2789546e-01   6.4991019e-01  -2.7722160e-01  -3.4642146e-01   3.5219535e-01
  -1.3193823e-02  -6.5863241e-01  -1.0162955e+00  -1.1183880e+00  -5.0396229e-02
   2.7151113e-01  -2.7257150e-01   9.2794367e-01  -1.4312738e+00   1.9411957e+00
  -7.9325542e-01   5.0083052e-02   2.2339240e+00  -9.1862077e-01   2.2903441e+00
   1.3944977e+00   1.6921156e+00  -8.9276409e-02   5.1991826e-01  -7.0331766e-01
  -1.4886466e-01  -1.0394744e-01   2.3666576e+00   9.5954257e-01   1.0439399e+00
   4.5324235e-01   1.8508369e+00  -2.8539268e+00  -6.5102210e-01   9.5943168e-02
  -1.6474402e+00  -1.6834045e+00   9.9827881e-01   4.8622662e-01   1.1351733e+00
  -9.9969720e-01  -1.4331298e+00  -8.5598118e-01  -2.9627350e+00   2.2687371e-01
  -4.1294914e-01   2.5187430e-01  -1.3007396e+00   4.4777616e-01   2.0071988e-01
  -1.1568423e+00   7.4224493e-01   2.7116742e-01   2.3349453e-01  -8.0049249e-01
  -1.5843520e+00   3.4628396e-01   1.2541232e-01  -9.4297002e-03   3.1059764e-01
   1.3143588e+00  -2.6483499e+00  -5.5185752e-01   7.5880651e-01  -8.9952937e-01
   9.1665101e-01   1.1455913e+00  -8.1363057e-01  -1.5805840e-01  -1.1760330e+00
  -2.1069230e-01   2.8162177e-01   5.0856200e-01  -1.3385132e+00   3.7112812e-01
  -9.9283277e-01   6.1929702e-02  -2.9958356e-01   7.8672367e-01  -6.4205903e-01
  -6.9754879e-01   9.6041794e-01   4.6780218e-01  -8.2634988e-01  -1.8344322e+00
  -5.1164700e-01  -5.9800769e-01  -7.3675776e-01  -5.3024873e-01   1.5659609e+00
   1.0297142e+00   7.5065982e-01  -6.5912613e-01  -1.5312288e-01  -7.4959821e-01
   2.9038412e-01  -7.4487190e-01  -1.5966956e+00  -1.0176179e+00  -1.2521909e+00
   8.6954207e-01  -2.3400766e+00   1.4902344e-01   1.1325323e+00  -3.3897481e-01
  -9.5465224e-01  -3.4376710e-01   1.0428746e+00   6.5110652e-01   9.0282877e-01
  -1.3542894e+00   2.9253592e-02  -8.7399720e-02   1.2197061e+00   2.4275406e-01
   1.2609755e+00   1.0457144e+00  -7.5762839e-01  -4.4851641e-01   7.4279190e-01
   9.5502639e-01   2.6230573e+00   7.4026677e-01   4.1773557e-01  -5.0883701e-01
  -2.0286526e+00  -3.0326182e-01   2.2302707e-01   6.6658461e-01  -1.1133970e+00
   2.2423352e-01   4.8494698e-01  -2.2484079e-01   7.8328911e-02  -8.7267811e-01
   1.3802635e+00   6.3623922e-01  -4.5449162e-01  -1.3000438e-01  -1.7318983e+00
   3.3820729e-01  -9.7044426e-01   1.0475030e+00   2.3739589e-01  -1.1207952e+00
  -8.1995034e-01  -7.2320031e-01   1.0032680e+00  -5.3841234e-01  -1.8290972e+00
  -1.0682222e+00  -2.2174754e-01  -1.0921582e+00  -5.6373097e-02   1.0567929e-02
   1.9375247e+00  -3.1997360e-01   3.6316484e-01   1.5048009e+00  -1.8504816e+00
  -6.2288408e-01   6.0515522e-01   3.8277387e-01  -6.2145947e-01   4.3983361e-01
  -1.9328494e-02   8.4145803e-01   6.2395019e-01   8.9650292e-01  -8.2098761e-01
  -3.5978704e-01  -4.0544630e-01   3.3319964e-01  -3.1397476e-01  -1.1666775e+00
   1.8740364e+00   1.0153480e+00  -1.2765349e+00   1.1107051e+00   5.1351963e-01
   1.6614248e-01   2.8650067e-01   3.0046559e-01   2.3413123e+00   8.1268638e-01
   5.4848765e-01   1.1711192e+00   1.0407316e+00   4.6450569e-01   6.9886841e-01
   1.6169170e+00   1.0866064e+00   6.9190510e-01  -2.3030754e-01  -7.5498314e-02
  -6.3345024e-01   1.5738067e-01  -1.0870805e+00   2.5274863e+00  -8.8372821e-01
  -9.2592043e-01   3.9403494e-02  -2.7300638e-01   9.1290874e-01   7.3790504e-01
   1.0309154e+00   8.8603684e-01   9.2419920e-01  -1.8177368e+00   4.3442229e-01
  -1.1094567e+00   2.7290744e-01  -5.8940773e-01   1.7642741e+00  -1.7303219e+00
  -3.0740134e-01   7.0263438e-01  -7.7776222e-02  -1.1906395e+00  -3.3927883e-01
   1.1349453e+00  -1.8466654e+00   5.4859095e-01   6.7890272e-01  -1.3096460e+00
   1.3302765e+00  -1.4277011e+00  -5.5535263e-01   1.4741639e+00   7.0032571e-01
   3.6768462e-01   2.4684616e-01   2.7788913e-01  -1.2316243e+00   2.2108573e+00
   8.6917695e-01   4.0003078e-01  -4.3247137e-01   8.8668721e-01  -1.4014138e+00
   2.7183470e-01   7.3213397e-01  -1.1781010e+00   1.2676851e-01  -3.1840971e-01
  -1.0446491e-01   7.8734918e-01  -4.3400570e-01  -1.3596918e+00   1.0667001e+00
   8.8740967e-01   4.9408594e-01  -5.8826196e-01  -9.9551987e-01  -4.3723042e-01
   2.3071375e-01  -5.6503803e-01   9.1849555e-01   1.7277351e-01  -1.8904413e-01
  -1.0353855e-01   9.5326998e-01  -7.1062991e-01   8.7043822e-02  -2.7998390e-01
  -2.4889636e-01  -2.6658327e+00  -1.5473949e-01   8.7968879e-01   9.4280725e-01
   1.4509515e+00  -1.4164460e+00   1.6269036e+00   3.3338989e-01  -1.5361555e-01
  -7.7101944e-01  -1.1197183e+00   1.1727580e+00  -3.6119751e-01   1.4616911e-01
  -5.4411360e-01   9.3878625e-02   9.3213917e-01   6.0408496e-01   3.8003102e-01
   1.3490821e+00   4.8650895e-01   1.5872720e+00  -5.0618515e-01   1.0994280e+00
  -1.3932079e+00   1.2617481e+00  -8.8280786e-01   1.2675854e+00  -3.8805172e-01
  -9.5132648e-01  -1.6171473e+00   1.6948975e+00  -7.2000417e-01   1.3254091e+00
  -1.6309336e-01  -1.2084616e+00  -7.0087658e-02   6.9781101e-01   1.2250075e-01
   5.9727169e-01   4.0676709e-01   1.3260697e+00   9.2587956e-01   6.8571360e-01
   1.4247122e+00  -8.9102790e-01   5.3306861e-01  -3.0094556e-01   3.5185126e-01
  -6.8160125e-01  -1.3279444e-01   5.1124807e-03   9.0746509e-01   1.0360384e-01
  -1.0527677e+00  -2.2188367e+00   1.5010741e-02  -5.2167552e-01   3.1470831e-01
  -5.8335446e-01  -9.9726684e-01   1.1964294e-01  -1.0631165e+00  -9.3141714e-01
   2.0152066e+00  -4.9766726e-01   2.1740182e-01   3.3901096e-01  -6.2069386e-01
  -7.4037428e-01  -2.0532804e+00   1.4058958e+00   8.6167078e-01   4.0926862e-01
  -7.9951631e-01   9.0681304e-01   1.0682850e+00   1.5657987e+00   1.0057558e+00
  -2.8119119e-01  -2.2196082e-01   1.0344216e+00  -3.2767119e-01   1.0779269e+00
   6.6124510e-01   9.5083531e-01  -7.5731913e-01   1.4383226e-01  -2.6565578e-02
   4.2432164e-01   5.8583511e-01   4.6662633e-01  -1.2228573e-01  -3.3847466e-01
   1.2100749e-01  -1.1363035e-01   2.2101157e-01  -3.2149141e-01   1.4260989e-01
  -3.9422177e-01  -4.9471464e-01   5.0268850e-01   4.3953987e-03   6.1171924e-01
   2.6023663e-01   1.0246054e+00   1.1095095e-01  -2.1190607e+00  -8.1349628e-01
   5.0625171e-01   6.0219740e-01  -1.1189463e+00  -1.0217013e+00   3.8453961e-01
   5.1554327e-01   8.3344379e-03  -2.1281754e+00  -6.2741223e-01   8.3878879e-01
   2.1801451e-01   1.0890362e+00  -9.2129460e-01   1.3095382e+00  -1.0344538e+00
   4.5709099e-01  -1.0843786e+00  -1.6876772e+00  -1.2036685e+00   5.3668149e-02
  -1.5353324e-01   2.7697184e-01   5.4795795e-01  -2.1872290e-01  -8.0124960e-01
   1.2750566e+00  -5.9462740e-01  -1.4589245e-01   1.1973398e+00   2.1259802e+00
  -2.8361949e-01   4.8779389e-01   9.2893333e-01   2.7815938e+00  -2.9981357e-01
   1.2844213e+00  -6.0724878e-01  -9.0387121e-02  -6.7070517e-01  -1.3985970e+00
   4.7623729e-01  -3.9723470e-02  -1.2120348e+00   2.5057946e-01  -1.5040619e+00
   2.6860360e-01  -7.2810183e-01  -8.6823794e-01   6.4798861e-01   1.8303529e+00
   1.5834294e+00   9.4408741e-01   4.4375247e-02   1.7349422e+00   1.3031706e+00
  -1.3282830e+00   1.0206782e-01   4.5249002e-02   1.8696407e-01  -8.1527765e-01
   8.9906107e-01   1.2008115e+00  -7.8215177e-01  -1.3911751e+00  -1.1183360e-01
  -2.1652674e+00   1.1337389e+00   1.3420282e+00   9.3034206e-01   8.5645381e-01
   2.4479565e-01  -8.5133241e-01   6.5269619e-01   1.9150165e+00  -2.0869644e+00
   7.7805855e-02   1.0165802e+00  -2.5726871e-01   8.5931286e-01   1.1045085e+00
  -1.8235652e+00  -2.8778072e-02   5.5780019e-01   5.7971149e-01  -2.0204667e+00
  -9.4609126e-01   9.6018536e-01  -8.6082589e-01   4.4261161e-01   4.6781485e-02
  -1.4905222e+00  -1.4300925e+00  -9.5416485e-01  -1.5243808e+00   6.9730583e-01
  -7.7222980e-01   2.3466019e-01   8.8646319e-01  -1.1553732e+00  -8.9306157e-01
   3.6616055e-03  -6.4644343e-01   1.1032460e+00   3.3668207e-01   1.0801336e+00
  -3.0368578e-01  -1.8365869e-01   4.8410620e-01  -2.4734608e-01   5.2966032e-01
   2.4134899e+00   1.3274215e+00  -2.9798638e-01   1.6677228e+00  -9.3824997e-01
  -3.7235000e-01   1.7948092e-01   2.3633559e-01  -2.5199720e-01   1.4483683e-01
  -5.8521246e-01   4.0887523e-01  -2.0341281e+00  -6.4561676e-01  -7.8202202e-01
  -1.0712284e+00   1.7073532e+00   1.1171724e+00   1.5105472e+00  -5.4897889e-01
  -1.0146225e+00   5.6966781e-01   1.2091395e-01   2.5015654e-01  -1.8944170e+00
   2.9098168e-01  -1.0701950e+00  -3.1627284e-01   2.4982268e-01   3.1439312e-01
   1.8998959e+00  -2.6856666e-01  -5.2760905e-01   1.4092385e+00  -5.8484940e-01
  -6.5114278e-01   1.1282892e+00  -2.2289496e-02   1.2700957e+00   2.3181102e-02
   1.3101893e+00  -1.3702862e+00  -1.2384030e+00   6.8578343e-01   8.9079858e-02
  -2.7246643e-01  -1.3163512e+00  -1.1095242e-01  -9.5678744e-01   9.7003973e-01
  -1.9684786e+00   3.3857697e-01  -2.3946900e-01   5.0128550e-01   5.3945245e-01
  -1.2687227e-01  -1.4017571e-01   8.5769450e-01  -1.4033671e+00  -3.9252873e-01
  -1.1571516e+00   4.8139761e-01  -6.5756392e-01   8.5639772e-01  -6.8291290e-01
   1.3360685e+00   3.3286551e-01   9.4089954e-01  -6.4452256e-01   3.3424763e-01
  -8.8009205e-01  -1.2348902e+00   8.4798971e-01   6.7485152e-01   1.7393382e+00
  -4.1973575e-01  -8.6963263e-01  -4.2933951e-01  -1.1220819e+00   2.1681711e-01
   1.0561958e+00  -5.5020573e-01  -2.0932920e-01  -1.0212642e+00   1.1798169e+00
   2.7575293e-01  -6.5778524e-01   1.0265024e+00   1.2648057e+00  -6.5928504e-01
   5.2892511e-01  -3.4676580e-02  -1.6227841e+00  -4.2179155e-01   3.9337221e-01
  -1.8974239e+00   2.5870100e+00  -2.9789647e-01   1.0255635e-01   1.7040989e+00
   1.5493244e-01  -4.4280205e-01  -1.4874222e-01   4.6107300e-01   1.0527028e-01
  -1.2696824e-01   6.2497490e-01  -1.8693324e-01  -4.8092144e-01   1.1616629e+00
  -1.0547525e+00   2.3280710e+00   4.0299569e-01   2.2005251e-01  -1.5170729e+00
